genes	m0 control1	m0 control2	m0 control3	m0 control4	m0 Latex	m0 E. coli	m0 EHEC	m0 S. typhi	m0 S. typhimirium	m0 S. aureus	m0 L. monocytogenes	m0 M. tuberculosis	m0 M. bovis BCG	m0 LPS E	m0 LPS S	m0 LTA	m0 MDP	m0 TB hsp70	m0 BCG hsp65	m0 MPA	m0 f-MLP	m0 Protein A	m0 Mannose	m0 IFN-alpha	m0 IFN-beta	m0 IFN-gamma	m0 IL-10	m0 IL-12	m0 (U937) control1	m0 (U937) B. pertussis 338	m0 (U937) B. pertussis 537 (avirulent)	m0 (U937) B. pertussis A2-6 (AC-)	m0 (U937) B. pertussis Tox6 (PT-)	DC control1	DC control2	DC control3	DC E. coli 	DC Influenza 	DC C. albicans 	DC LPS 	DC PolyIC 	DC Mannan 
ARF5	4	-1	3	-1	-1	-1	-1	-1	3	-1	-1	-1	-1	-1	-1	-1	-1	-1	3	-1	-1	-1	-1	-1	3	-1	-1	3	-1	-1	-1	-1	-1	4	0	4	4	3	-1	2	0	4
NUBP1	1	4	-1	-1	-1	-1	-1	4	-1	-1	-1	-1	1	-1	-1	-1	-1	3	-1	-1	-1	-1	-1	-1	3	-1	0	0	-1	-1	-1	-1	-1	3	0	-1	4	4	-1	-1	0	4
FURIN	-1	3	-1	-1	0	-1	-1	1	1	-1	-1	-1	-1	-1	4	1	-1	-1	-1	3	-1	-1	-1	3	0	3	4	-1	-1	-1	-1	-1	-1	3	5	-1	4	4	5	2	0	4
LGALS3	-1	-1	-1	-1	4	-1	-1	-1	-1	-1	-1	-1	-1	-1	-1	-1	-1	-1	-1	-1	-1	-1	-1	-1	-1	-1	-1	-1	-1	-1	-1	-1	-1	-1	5	-1	2	0	-1	-1	0	-1
SREBF1	-1	-1	0	4	-1	-1	4	4	4	-1	-1	-1	-1	-1	-1	-1	-1	0	0	-1	3	-1	-1	-1	3	0	3	4	-1	-1	-1	-1	-1	-1	5	-1	-1	4	-1	1	0	-1
GAS6	-1	-1	-1	-1	-1	-1	-1	0	0	-1	-1	-1	-1	-1	-1	-1	-1	-1	-1	-1	-1	-1	-1	-1	-1	-1	-1	-1	-1	-1	1	-1	-1	3	0	3	-1	-1	4	-1	-1	1
SPP1	-1	-1	4	-1	4	-1	-1	-1	-1	-1	-1	-1	-1	-1	-1	-1	-1	-1	-1	-1	-1	-1	3	-1	-1	-1	-1	-1	-1	-1	-1	-1	-1	3	5	5	2	0	1	1	0	1
CTSH	-1	-1	-1	-1	-1	-1	-1	-1	-1	-1	-1	-1	-1	-1	-1	-1	-1	-1	-1	-1	-1	-1	-1	-1	-1	-1	-1	-1	-1	-1	-1	-1	-1	-1	5	-1	0	0	-1	1	0	-1
PLA2G7	-1	-1	-1	-1	1	-1	-1	-1	-1	-1	-1	-1	-1	-1	-1	-1	-1	-1	-1	-1	-1	-1	-1	4	3	3	-1	-1	-1	-1	-1	-1	-1	3	5	-1	2	-1	1	1	0	1
GLUL	-1	-1	-1	-1	1	4	4	4	4	4	4	-1	-1	-1	-1	-1	-1	4	-1	-1	-1	-1	-1	1	1	1	-1	-1	-1	0	4	-1	-1	4	4	-1	-1	0	1	2	0	4
PBP	-1	-1	3	-1	-1	-1	4	-1	-1	-1	-1	-1	-1	-1	-1	-1	-1	3	3	-1	-1	-1	-1	4	-1	-1	3	-1	-1	-1	-1	-1	-1	4	5	5	-1	0	-1	-1	-1	-1
TAF10	-1	-1	3	-1	-1	-1	-1	4	-1	-1	-1	-1	3	-1	-1	-1	-1	3	3	-1	-1	-1	-1	-1	3	-1	-1	3	-1	-1	-1	-1	-1	4	5	-1	-1	4	-1	2	0	-1
ALDH9A1	-1	-1	3	-1	-1	-1	4	4	4	4	4	-1	-1	-1	-1	-1	-1	3	3	-1	-1	-1	-1	-1	4	3	-1	-1	-1	-1	-1	-1	-1	4	-1	4	-1	0	-1	2	4	4
SDHA	-1	-1	-1	-1	-1	-1	4	3	3	-1	4	-1	-1	-1	-1	-1	-1	4	4	-1	-1	-1	0	3	-1	4	3	-1	-1	-1	-1	-1	-1	4	5	-1	4	-1	-1	2	1	4
SPTAN1	-1	-1	-1	-1	-1	-1	-1	4	4	-1	-1	-1	3	-1	1	-1	-1	3	-1	-1	0	-1	1	3	3	-1	-1	-1	-1	-1	-1	-1	-1	3	3	-1	-1	4	4	0	0	4
BLOC1S1	-1	-1	3	0	-1	4	-1	4	3	-1	-1	-1	-1	-1	-1	1	-1	3	-1	-1	-1	0	1	-1	-1	4	-1	-1	-1	-1	-1	-1	-1	-1	3	3	-1	1	-1	0	0	4
ATP5O	-1	-1	-1	-1	-1	-1	4	-1	4	4	-1	-1	-1	-1	-1	-1	-1	-1	-1	-1	-1	-1	-1	-1	-1	-1	3	-1	-1	-1	-1	-1	-1	-1	3	-1	-1	0	-1	0	1	-1
NDUFS8	3	3	-1	0	-1	4	3	4	4	-1	4	-1	3	-1	0	1	0	3	3	0	0	0	0	1	0	0	0	0	-1	-1	-1	-1	-1	3	3	-1	4	4	3	0	1	4
MAN2B1	-1	-1	-1	-1	-1	-1	-1	-1	-1	-1	-1	-1	-1	-1	-1	4	0	-1	-1	-1	0	-1	-1	3	3	-1	3	4	-1	-1	-1	-1	-1	4	3	-1	-1	4	-1	1	0	-1
RASSF2	4	-1	-1	-1	-1	4	4	4	4	4	-1	-1	-1	4	4	-1	-1	3	-1	-1	-1	-1	-1	4	4	-1	3	-1	-1	-1	-1	-1	-1	-1	5	-1	4	-1	-1	2	-1	-1
AP1B1	-1	-1	-1	-1	-1	-1	-1	-1	-1	-1	-1	-1	-1	-1	-1	-1	-1	-1	-1	-1	-1	-1	-1	3	-1	-1	-1	-1	-1	-1	-1	-1	-1	-1	4	-1	4	4	-1	2	-1	4
POLR2G	-1	-1	-1	-1	-1	-1	-1	4	4	4	-1	-1	-1	-1	-1	-1	-1	-1	-1	-1	-1	-1	-1	-1	-1	3	-1	-1	-1	-1	-1	-1	-1	3	5	-1	-1	-1	4	2	0	4
DDB1	-1	-1	-1	-1	-1	4	-1	-1	-1	-1	-1	-1	-1	-1	-1	-1	-1	-1	-1	-1	-1	-1	-1	-1	-1	-1	-1	-1	-1	-1	-1	-1	-1	4	5	-1	-1	4	-1	2	0	-1
QARS	-1	-1	-1	-1	-1	4	4	4	4	4	-1	4	4	-1	-1	-1	-1	-1	-1	-1	-1	-1	-1	-1	-1	3	3	-1	-1	-1	-1	-1	-1	-1	4	-1	4	4	4	4	-1	-1
NDUFV3	-1	-1	-1	-1	-1	-1	4	3	4	-1	4	-1	4	-1	-1	4	-1	-1	-1	-1	-1	-1	-1	4	3	-1	-1	-1	-1	-1	-1	-1	-1	-1	5	-1	4	4	-1	-1	1	4
MAPKAPK3	-1	-1	3	-1	-1	4	4	4	3	4	4	-1	-1	4	4	4	-1	3	4	-1	-1	-1	-1	-1	4	-1	-1	1	-1	4	-1	-1	-1	-1	5	2	4	4	-1	-1	0	4
EIF4B	-1	-1	3	4	4	4	4	4	4	-1	-1	4	4	4	4	3	-1	3	3	-1	-1	-1	-1	3	3	3	3	1	-1	-1	-1	-1	-1	4	5	-1	4	4	-1	2	4	4
PPP1R7	-1	-1	3	1	-1	4	4	4	4	4	4	-1	-1	4	4	-1	-1	-1	-1	-1	-1	1	1	-1	-1	-1	-1	-1	-1	-1	-1	-1	-1	-1	5	-1	4	4	4	-1	0	4
LGALS1	-1	-1	3	-1	4	-1	-1	-1	-1	-1	-1	-1	-1	-1	-1	-1	-1	3	3	-1	-1	1	-1	-1	-1	-1	-1	-1	-1	-1	-1	-1	-1	-1	5	-1	2	0	-1	-1	0	-1
GPI	-1	-1	-1	-1	-1	-1	4	4	4	-1	4	-1	4	-1	-1	-1	-1	4	3	-1	-1	-1	-1	-1	-1	-1	-1	3	-1	-1	-1	-1	-1	-1	4	-1	2	2	-1	-1	-1	-1
COX4I1	-1	-1	3	-1	-1	-1	-1	-1	-1	-1	-1	-1	-1	-1	-1	-1	-1	3	3	-1	-1	-1	-1	-1	-1	-1	-1	-1	-1	-1	-1	-1	-1	-1	5	2	0	0	-1	2	0	-1
COX5B	-1	-1	3	-1	-1	-1	-1	-1	4	-1	-1	-1	-1	-1	-1	3	-1	3	-1	-1	-1	1	-1	-1	-1	0	-1	-1	-1	-1	-1	-1	-1	3	-1	2	-1	1	-1	0	0	-1
BCAP31	-1	-1	3	-1	4	-1	-1	-1	-1	-1	-1	-1	-1	-1	-1	-1	-1	-1	-1	-1	-1	-1	-1	-1	-1	-1	4	-1	-1	-1	-1	-1	-1	-1	-1	-1	0	0	-1	1	0	-1
RPN2	-1	-1	3	1	-1	-1	-1	-1	-1	-1	-1	-1	-1	-1	-1	-1	-1	3	-1	-1	-1	1	1	-1	-1	-1	-1	-1	-1	-1	-1	-1	-1	-1	-1	-1	0	-1	-1	2	0	4
PDXK	4	-1	3	0	-1	-1	-1	-1	-1	-1	-1	-1	4	-1	-1	-1	0	3	-1	-1	0	1	0	-1	-1	-1	-1	-1	-1	-1	-1	-1	-1	4	-1	2	-1	4	-1	1	0	-1
BZRP	-1	-1	3	-1	-1	-1	-1	4	4	-1	-1	-1	-1	-1	-1	-1	-1	3	3	-1	-1	-1	-1	3	-1	-1	-1	-1	-1	-1	-1	-1	-1	4	-1	0	4	-1	-1	2	0	-1
HK1	-1	-1	-1	-1	-1	-1	-1	-1	-1	-1	-1	-1	-1	1	0	-1	-1	-1	-1	-1	-1	-1	-1	-1	-1	-1	-1	-1	-1	-1	-1	-1	-1	4	-1	-1	2	2	-1	2	0	-1
GPX1	-1	-1	-1	-1	4	-1	0	4	4	-1	1	-1	-1	-1	-1	-1	-1	-1	-1	-1	-1	-1	-1	-1	-1	-1	-1	4	-1	-1	-1	-1	-1	-1	5	0	-1	-1	-1	-1	0	-1
ATP6AP1	-1	-1	-1	-1	-1	-1	-1	-1	-1	-1	-1	-1	-1	-1	-1	-1	-1	-1	-1	-1	-1	-1	-1	-1	-1	-1	-1	-1	-1	-1	-1	-1	-1	-1	5	2	-1	-1	-1	2	0	-1
PPGB	-1	-1	-1	-1	-1	-1	-1	-1	-1	-1	1	-1	-1	-1	-1	-1	-1	0	-1	-1	-1	-1	-1	-1	-1	-1	-1	-1	-1	-1	-1	-1	-1	-1	-1	2	0	0	-1	2	0	-1
LRPAP1	-1	-1	-1	-1	-1	-1	-1	4	4	-1	-1	-1	-1	-1	-1	-1	-1	-1	-1	-1	-1	-1	-1	4	-1	-1	-1	-1	-1	-1	-1	-1	-1	4	-1	2	-1	4	-1	-1	-1	-1
PLOD	4	-1	-1	-1	-1	-1	4	4	4	4	4	-1	-1	-1	-1	4	-1	3	4	-1	-1	-1	-1	-1	3	3	3	-1	-1	-1	-1	-1	-1	3	-1	2	-1	4	4	-1	0	4
VAT1	-1	-1	-1	-1	-1	-1	4	4	4	-1	-1	-1	-1	-1	-1	-1	-1	-1	-1	-1	-1	-1	-1	-1	0	-1	-1	-1	-1	-1	-1	-1	-1	4	-1	-1	4	2	-1	-1	-1	4
AP2M1	-1	-1	-1	-1	-1	-1	4	-1	4	-1	-1	-1	-1	-1	-1	-1	-1	3	3	-1	-1	-1	-1	-1	-1	-1	-1	-1	-1	-1	-1	-1	-1	-1	-1	2	-1	2	-1	-1	0	4
AP2S1	-1	-1	3	-1	-1	-1	3	4	4	4	-1	-1	-1	-1	-1	-1	-1	3	3	-1	-1	-1	-1	-1	-1	-1	-1	-1	-1	-1	-1	-1	-1	4	5	-1	4	4	-1	-1	-1	4
IDH3G	-1	-1	-1	-1	-1	-1	-1	4	4	-1	-1	-1	4	-1	-1	-1	-1	4	4	-1	-1	-1	-1	-1	-1	-1	3	-1	-1	-1	-1	-1	-1	3	-1	-1	4	4	-1	2	0	4
POLR2E	1	-1	-1	-1	-1	-1	-1	4	4	-1	-1	-1	-1	-1	-1	4	-1	-1	-1	-1	-1	-1	-1	-1	-1	-1	-1	-1	-1	-1	-1	-1	-1	3	0	-1	-1	4	-1	2	0	-1
MAPK14	-1	-1	0	-1	-1	-1	0	4	3	-1	-1	-1	-1	-1	-1	3	-1	-1	0	-1	-1	-1	-1	-1	3	3	0	-1	-1	4	-1	-1	-1	3	-1	-1	4	-1	-1	-1	-1	-1
FDFT1	1	-1	-1	-1	-1	4	4	-1	-1	-1	-1	-1	-1	3	-1	4	3	3	-1	-1	3	-1	-1	3	3	-1	0	1	-1	-1	-1	-1	-1	3	1	2	4	-1	-1	2	-1	-1
AP3D1	-1	-1	0	-1	-1	-1	-1	3	4	-1	-1	-1	-1	-1	-1	-1	-1	0	-1	-1	-1	-1	-1	3	4	3	-1	-1	-1	-1	-1	-1	-1	-1	-1	-1	-1	4	-1	2	-1	4
SMARCA4	-1	-1	0	-1	-1	-1	-1	-1	-1	-1	-1	-1	-1	-1	-1	-1	-1	0	0	-1	-1	-1	-1	-1	4	4	-1	-1	-1	-1	-1	-1	-1	4	5	-1	4	4	-1	2	-1	4
RBBP4	-1	-1	-1	-1	-1	4	-1	4	4	-1	-1	-1	-1	4	4	3	-1	-1	4	3	-1	-1	-1	3	4	-1	-1	-1	-1	-1	-1	-1	-1	3	-1	2	-1	-1	-1	-1	0	4
EIF3S10	-1	-1	-1	-1	1	-1	-1	-1	-1	-1	4	-1	-1	-1	-1	4	-1	-1	-1	-1	-1	-1	-1	-1	-1	-1	3	-1	-1	-1	-1	-1	-1	3	0	-1	-1	-1	-1	2	3	-1
EBNA1BP2	1	-1	4	-1	0	-1	-1	4	-1	4	0	3	1	4	-1	4	-1	3	-1	-1	-1	0	-1	-1	3	4	4	-1	-1	-1	-1	-1	-1	3	0	2	4	4	5	-1	-1	3
NME1	-1	-1	-1	-1	-1	-1	-1	-1	3	-1	-1	-1	-1	-1	-1	3	-1	3	-1	-1	-1	-1	-1	-1	3	-1	-1	-1	-1	-1	-1	-1	-1	4	-1	1	-1	4	5	-1	0	3
ADSL	-1	-1	-1	-1	-1	-1	-1	-1	-1	-1	-1	-1	-1	-1	-1	3	-1	-1	-1	-1	-1	-1	-1	4	-1	1	-1	-1	-1	-1	-1	-1	-1	4	-1	-1	4	-1	-1	-1	0	4
SNRPN	-1	-1	-1	-1	-1	4	4	4	4	4	4	-1	-1	3	-1	4	-1	3	4	-1	-1	-1	-1	-1	4	-1	3	-1	-1	-1	-1	-1	-1	3	5	-1	4	-1	-1	2	-1	4
IMMT	-1	-1	-1	-1	-1	-1	-1	4	4	-1	-1	-1	-1	-1	-1	-1	-1	-1	-1	-1	-1	-1	-1	-1	-1	-1	-1	-1	0	-1	-1	-1	-1	4	-1	2	4	4	-1	-1	-1	4
PRDX6	-1	-1	3	-1	-1	4	4	4	4	4	4	-1	-1	3	-1	-1	-1	3	3	-1	-1	1	0	-1	-1	-1	-1	-1	-1	-1	-1	-1	-1	3	0	3	4	-1	-1	4	-1	4
SSBP1	-1	-1	-1	-1	1	-1	-1	4	-1	-1	-1	-1	-1	-1	-1	-1	-1	-1	-1	-1	-1	-1	-1	-1	-1	-1	-1	-1	-1	-1	-1	-1	-1	-1	-1	-1	-1	4	-1	-1	0	-1
EIF3S8	-1	-1	-1	-1	-1	-1	-1	-1	-1	-1	-1	-1	-1	-1	-1	-1	-1	3	4	-1	-1	-1	-1	-1	-1	-1	-1	-1	-1	-1	-1	-1	-1	-1	-1	-1	-1	4	-1	4	0	-1
EIF3S6	-1	-1	-1	-1	-1	-1	-1	-1	-1	-1	-1	-1	-1	-1	-1	-1	-1	-1	-1	-1	-1	-1	-1	-1	1	0	0	-1	-1	-1	-1	-1	-1	-1	3	4	0	-1	-1	-1	-1	-1
RDBP	-1	-1	3	-1	-1	-1	4	-1	4	4	-1	-1	1	0	-1	3	4	3	3	-1	4	-1	3	4	3	1	0	-1	-1	-1	-1	-1	-1	-1	-1	3	4	4	-1	2	-1	4
FH	-1	-1	4	-1	-1	-1	-1	-1	-1	-1	-1	-1	-1	-1	-1	4	-1	-1	-1	-1	-1	-1	-1	3	3	3	-1	-1	-1	-1	-1	-1	-1	3	-1	-1	4	4	-1	-1	4	4
PDHA1	-1	-1	-1	-1	-1	-1	3	4	3	4	4	-1	-1	-1	-1	4	-1	3	-1	-1	-1	-1	-1	4	3	-1	3	-1	-1	-1	-1	-1	-1	3	0	-1	4	4	-1	-1	4	-1
ITGB1BP1	-1	-1	-1	-1	-1	4	3	-1	-1	-1	4	-1	-1	4	3	-1	-1	3	-1	-1	-1	-1	0	3	3	-1	-1	-1	-1	-1	-1	-1	-1	4	-1	3	5	-1	-1	-1	-1	4
ITGAE	-1	-1	0	-1	-1	-1	-1	4	-1	-1	-1	-1	-1	3	4	-1	-1	3	0	-1	-1	-1	-1	3	-1	3	4	-1	-1	-1	-1	-1	-1	3	-1	3	5	-1	1	-1	4	-1
SERTAD2	-1	-1	-1	-1	-1	4	4	3	4	-1	-1	-1	-1	3	3	4	-1	4	-1	-1	-1	-1	-1	-1	3	3	-1	-1	-1	-1	0	-1	-1	3	1	-1	-1	-1	2	2	0	1
SELPLG	-1	-1	3	-1	4	4	4	4	4	4	4	4	-1	4	4	4	-1	-1	-1	-1	-1	-1	-1	1	3	-1	-1	1	-1	-1	-1	-1	-1	3	5	-1	-1	-1	2	-1	-1	4
ANP32B	-1	-1	-1	-1	-1	-1	-1	4	4	-1	-1	-1	-1	4	-1	-1	-1	-1	-1	-1	-1	-1	-1	-1	4	-1	-1	-1	-1	-1	-1	-1	-1	4	-1	-1	4	4	-1	-1	-1	4
SEPHS2	1	-1	-1	-1	-1	-1	4	-1	-1	-1	-1	-1	1	3	-1	-1	-1	-1	-1	-1	-1	-1	-1	-1	-1	-1	-1	1	-1	-1	-1	-1	-1	3	5	-1	4	4	-1	-1	4	3
YY1	1	-1	-1	-1	-1	-1	3	-1	-1	4	4	-1	1	3	-1	-1	-1	3	3	-1	-1	-1	-1	-1	-1	4	3	-1	-1	-1	-1	-1	-1	3	5	-1	-1	-1	-1	2	-1	4
FRG1	-1	-1	-1	-1	-1	-1	-1	3	4	-1	-1	-1	-1	-1	-1	-1	-1	-1	-1	-1	-1	-1	-1	-1	3	-1	-1	-1	-1	-1	-1	-1	-1	3	1	3	-1	0	1	0	-1	4
DAZAP2	-1	-1	-1	-1	-1	-1	-1	-1	-1	-1	-1	-1	-1	-1	-1	-1	-1	-1	-1	-1	-1	-1	-1	-1	-1	4	-1	-1	-1	-1	-1	-1	-1	3	-1	-1	-1	0	-1	2	0	-1
NAP1L1	-1	-1	-1	-1	-1	-1	-1	-1	-1	3	-1	-1	-1	-1	-1	-1	-1	-1	-1	-1	-1	-1	-1	-1	-1	4	-1	1	-1	-1	-1	-1	-1	4	-1	4	0	-1	-1	2	0	-1
PTP4A2	-1	-1	-1	-1	-1	-1	4	4	4	-1	-1	-1	-1	4	-1	-1	-1	-1	-1	-1	-1	-1	-1	-1	-1	-1	-1	-1	-1	-1	-1	-1	-1	3	3	-1	4	0	-1	-1	0	4
U2AF1	1	-1	-1	-1	0	-1	-1	-1	-1	-1	-1	-1	1	-1	-1	-1	-1	-1	-1	-1	-1	-1	-1	-1	-1	0	4	0	-1	-1	0	-1	-1	-1	-1	-1	0	2	-1	2	0	-1
HNRPU	-1	-1	-1	-1	-1	-1	-1	-1	-1	-1	-1	-1	-1	-1	-1	-1	-1	-1	-1	-1	-1	-1	-1	-1	-1	-1	-1	-1	0	-1	-1	-1	-1	-1	5	-1	-1	-1	-1	2	0	-1
HNRPK	-1	-1	-1	-1	1	-1	-1	-1	-1	-1	-1	4	-1	-1	-1	-1	-1	-1	-1	-1	-1	-1	-1	-1	-1	-1	-1	-1	-1	-1	-1	-1	-1	3	5	4	0	0	1	2	-1	1
RAB32	-1	-1	3	-1	1	-1	4	-1	-1	-1	-1	-1	-1	4	4	-1	-1	3	-1	-1	-1	-1	-1	-1	-1	4	-1	-1	-1	-1	-1	-1	-1	-1	5	2	-1	4	-1	-1	-1	-1
RPP30	-1	-1	3	-1	-1	-1	-1	4	-1	-1	4	-1	-1	4	-1	4	4	3	3	-1	-1	-1	-1	3	1	1	0	0	-1	-1	-1	-1	-1	0	1	-1	-1	4	-1	-1	-1	4
PRCC	0	-1	0	1	0	-1	-1	-1	-1	-1	-1	-1	1	-1	-1	-1	3	-1	-1	-1	-1	0	0	-1	4	3	3	-1	-1	-1	-1	-1	-1	-1	0	1	4	4	-1	-1	1	-1
KEAP1	1	1	-1	-1	1	1	-1	3	-1	-1	-1	-1	1	-1	-1	3	3	-1	3	-1	4	-1	-1	3	-1	3	-1	3	-1	-1	-1	-1	-1	3	0	1	3	-1	-1	2	4	-1
RNF4	-1	-1	-1	0	-1	1	-1	-1	1	-1	-1	-1	-1	3	-1	4	-1	3	-1	-1	-1	-1	0	3	3	-1	3	3	-1	-1	-1	-1	-1	-1	0	1	4	-1	-1	1	-1	-1
HSPA5	4	-1	-1	-1	-1	-1	1	-1	-1	-1	-1	1	-1	-1	-1	-1	4	3	-1	-1	3	-1	3	3	-1	4	3	-1	-1	-1	4	-1	-1	-1	-1	1	0	0	1	1	0	-1
ARMET	4	-1	-1	-1	-1	-1	1	1	1	-1	1	-1	-1	3	-1	-1	4	-1	-1	-1	-1	-1	-1	-1	-1	-1	-1	-1	-1	-1	-1	-1	-1	3	-1	1	-1	-1	-1	2	0	-1
HYOU1	-1	-1	-1	-1	-1	-1	3	-1	-1	-1	-1	1	-1	-1	-1	-1	-1	-1	-1	-1	-1	-1	-1	3	3	4	-1	-1	-1	-1	-1	-1	-1	1	-1	-1	-1	-1	-1	-1	-1	-1
HADH2	-1	-1	-1	-1	-1	-1	-1	-1	-1	0	-1	-1	-1	-1	-1	0	-1	-1	-1	-1	-1	-1	-1	-1	-1	-1	-1	-1	-1	-1	-1	-1	-1	-1	-1	1	4	4	4	-1	-1	4
EBP	-1	-1	-1	-1	-1	-1	4	-1	-1	4	-1	-1	-1	4	-1	-1	-1	-1	-1	-1	-1	-1	-1	-1	-1	-1	-1	-1	-1	-1	-1	-1	-1	-1	-1	-1	-1	-1	-1	4	-1	-1
DCTN2	-1	-1	-1	-1	-1	-1	-1	-1	-1	-1	-1	-1	-1	-1	-1	-1	-1	-1	-1	-1	-1	-1	-1	-1	-1	0	-1	-1	-1	-1	-1	-1	-1	4	-1	-1	-1	4	-1	2	0	-1
YWHAB	-1	-1	-1	-1	-1	-1	-1	-1	-1	-1	-1	-1	-1	-1	-1	-1	-1	-1	3	-1	-1	-1	-1	-1	-1	-1	-1	-1	-1	-1	-1	-1	-1	-1	5	-1	0	0	-1	2	0	-1
RPN1	-1	-1	3	-1	-1	-1	-1	-1	-1	-1	-1	-1	-1	-1	-1	-1	-1	-1	-1	-1	-1	-1	-1	-1	0	-1	0	-1	-1	-1	-1	-1	-1	-1	-1	-1	-1	-1	-1	2	-1	-1
CAPNS1	-1	-1	-1	-1	-1	-1	-1	-1	-1	-1	-1	-1	-1	-1	-1	-1	-1	-1	3	-1	-1	-1	-1	-1	1	1	-1	-1	-1	-1	-1	-1	-1	-1	5	-1	-1	1	-1	2	1	-1
UFD1L	-1	-1	-1	-1	1	-1	-1	-1	-1	-1	-1	-1	-1	-1	-1	-1	-1	-1	-1	-1	-1	-1	-1	1	0	-1	0	-1	-1	-1	-1	-1	-1	-1	1	-1	-1	-1	-1	-1	-1	-1
SNRPC	1	-1	-1	-1	-1	1	0	-1	-1	0	-1	-1	-1	-1	-1	-1	-1	-1	-1	-1	-1	-1	-1	-1	-1	-1	-1	-1	-1	-1	-1	-1	-1	0	-1	-1	-1	-1	-1	-1	-1	-1
SEC13L1	-1	-1	-1	-1	-1	-1	-1	-1	-1	-1	1	-1	-1	-1	-1	-1	-1	-1	-1	-1	-1	-1	-1	-1	3	-1	-1	-1	-1	-1	-1	-1	-1	-1	0	-1	-1	-1	-1	2	-1	-1
POLR2F	-1	-1	-1	-1	-1	-1	-1	-1	4	-1	-1	4	-1	-1	-1	-1	-1	-1	-1	-1	-1	-1	-1	-1	-1	-1	-1	-1	-1	-1	-1	-1	-1	-1	-1	-1	4	-1	-1	-1	-1	-1
HMGA1	-1	-1	3	-1	-1	-1	-1	4	4	-1	-1	-1	-1	-1	-1	-1	-1	-1	-1	-1	-1	-1	-1	-1	-1	-1	-1	-1	-1	-1	4	-1	0	-1	0	-1	4	2	-1	4	0	4
PSMB6	-1	-1	3	-1	-1	-1	-1	-1	-1	-1	-1	-1	-1	-1	-1	1	-1	3	-1	-1	-1	-1	-1	0	0	1	-1	-1	-1	-1	-1	-1	-1	-1	-1	-1	-1	-1	-1	-1	-1	-1
PSMD9	-1	-1	-1	-1	-1	-1	-1	-1	-1	-1	-1	-1	-1	-1	-1	-1	-1	-1	-1	-1	-1	-1	-1	-1	0	-1	3	-1	-1	-1	-1	-1	-1	1	-1	-1	-1	-1	-1	2	0	4
PCMT1	1	-1	0	-1	1	1	0	-1	-1	0	1	-1	1	-1	-1	3	-1	-1	0	-1	-1	-1	-1	-1	1	-1	-1	-1	-1	-1	-1	-1	-1	-1	-1	1	-1	-1	1	1	-1	1
SSR4	-1	-1	-1	-1	-1	-1	-1	-1	-1	-1	-1	-1	-1	-1	-1	4	-1	3	-1	-1	-1	-1	-1	-1	3	-1	-1	-1	-1	-1	-1	-1	-1	4	5	-1	0	0	-1	2	0	1
H3F3A	-1	-1	-1	-1	-1	-1	-1	-1	-1	-1	-1	-1	-1	-1	-1	-1	-1	-1	-1	-1	-1	-1	-1	-1	0	-1	-1	-1	-1	-1	-1	-1	-1	-1	5	-1	-1	2	-1	2	0	-1
GSTP1	-1	-1	3	-1	-1	-1	-1	-1	-1	-1	-1	-1	-1	-1	-1	-1	-1	-1	-1	-1	-1	-1	-1	3	-1	-1	3	-1	-1	-1	-1	-1	-1	-1	5	-1	-1	-1	-1	2	-1	-1
RPL21	-1	-1	-1	-1	-1	-1	-1	-1	-1	-1	-1	-1	-1	-1	-1	-1	-1	3	-1	-1	-1	-1	-1	0	0	0	0	1	-1	-1	-1	-1	-1	-1	5	-1	2	2	-1	-1	-1	-1
SNRPB	-1	-1	3	-1	-1	-1	-1	-1	-1	-1	-1	-1	-1	-1	-1	-1	-1	3	3	-1	-1	-1	-1	4	3	4	3	-1	-1	-1	-1	-1	-1	-1	5	-1	0	0	-1	0	1	1
PPIA	-1	-1	-1	-1	-1	-1	-1	-1	-1	-1	-1	-1	-1	-1	-1	-1	-1	-1	-1	4	-1	-1	-1	4	4	3	3	-1	-1	-1	-1	-1	-1	-1	3	-1	0	0	-1	0	0	-1
HSPCA	-1	-1	-1	-1	-1	-1	-1	-1	-1	-1	-1	-1	-1	-1	-1	-1	-1	-1	-1	-1	-1	-1	-1	4	4	3	3	-1	-1	-1	-1	-1	-1	-1	-1	-1	0	0	-1	1	0	-1
ACTG1	-1	-1	-1	-1	-1	-1	-1	-1	-1	-1	-1	-1	-1	-1	-1	-1	-1	-1	-1	-1	-1	-1	-1	4	4	3	3	-1	-1	-1	-1	-1	-1	-1	4	-1	0	1	-1	1	0	1
RPL7	-1	-1	-1	-1	-1	-1	-1	-1	-1	-1	-1	-1	-1	-1	-1	-1	-1	-1	-1	-1	-1	-1	-1	1	-1	-1	-1	1	-1	-1	-1	-1	-1	4	5	-1	-1	0	-1	2	1	4
RPL17	-1	-1	-1	-1	-1	-1	-1	4	-1	-1	-1	-1	-1	-1	-1	-1	-1	3	-1	-1	-1	-1	-1	-1	3	4	3	-1	-1	-1	-1	-1	-1	4	5	-1	0	0	-1	-1	0	4
RPL3	-1	-1	-1	-1	-1	-1	-1	-1	4	-1	-1	-1	-1	-1	-1	-1	-1	3	-1	-1	-1	-1	-1	-1	-1	3	3	-1	-1	-1	-1	-1	-1	4	4	-1	-1	0	-1	1	0	-1
EEF1G	-1	-1	-1	-1	-1	-1	-1	-1	-1	-1	-1	-1	-1	-1	-1	-1	-1	-1	3	-1	-1	-1	-1	-1	-1	4	-1	-1	-1	-1	-1	-1	-1	-1	5	-1	-1	0	-1	2	0	-1
EEF2	-1	-1	3	-1	-1	-1	-1	-1	-1	-1	-1	-1	-1	4	-1	-1	-1	3	3	-1	-1	-1	-1	4	3	3	3	-1	-1	1	-1	-1	-1	-1	4	-1	0	0	-1	1	0	1
RPS14	-1	-1	-1	-1	-1	-1	-1	-1	-1	-1	-1	-1	-1	-1	-1	-1	-1	-1	-1	-1	-1	-1	-1	-1	-1	-1	-1	-1	-1	-1	-1	-1	-1	-1	5	-1	2	2	-1	2	-1	-1
RPS6	-1	-1	-1	-1	-1	-1	-1	-1	-1	-1	-1	-1	-1	-1	-1	-1	-1	-1	-1	-1	-1	-1	-1	-1	-1	4	-1	-1	-1	-1	-1	-1	-1	-1	4	-1	-1	0	-1	2	0	-1
RPS7	-1	-1	3	-1	-1	-1	-1	-1	-1	-1	-1	-1	-1	-1	-1	4	-1	3	-1	-1	-1	-1	-1	3	3	3	3	-1	-1	-1	-1	-1	-1	-1	3	-1	-1	0	-1	0	0	1
RPL35A	-1	-1	3	-1	-1	-1	-1	-1	-1	-1	-1	-1	-1	-1	-1	4	-1	3	-1	-1	-1	-1	-1	-1	-1	3	-1	0	-1	-1	-1	-1	-1	-1	4	-1	0	0	-1	2	0	-1
RPS2	-1	-1	-1	-1	-1	-1	-1	-1	-1	-1	-1	-1	-1	-1	-1	-1	-1	-1	3	-1	-1	-1	-1	-1	-1	-1	-1	-1	-1	-1	-1	-1	-1	-1	5	-1	0	0	-1	2	0	-1
RPS18	-1	-1	-1	-1	-1	-1	-1	-1	-1	-1	-1	-1	-1	-1	-1	-1	-1	-1	-1	-1	-1	-1	-1	4	3	3	3	-1	-1	-1	-1	-1	-1	-1	3	-1	0	0	-1	0	0	-1
RPS16	-1	-1	-1	-1	4	-1	0	-1	-1	-1	1	-1	-1	-1	-1	-1	-1	-1	-1	-1	-1	-1	-1	3	4	3	3	-1	-1	3	-1	-1	-1	-1	4	0	0	0	-1	1	0	-1
RPL19	-1	-1	-1	-1	4	-1	-1	-1	-1	-1	-1	-1	-1	-1	-1	-1	-1	-1	-1	-1	-1	-1	-1	4	4	3	3	-1	-1	-1	-1	-1	-1	-1	3	-1	0	1	-1	1	0	-1
RPL31	-1	-1	3	-1	4	-1	-1	-1	-1	-1	-1	-1	-1	-1	-1	-1	-1	3	3	-1	-1	-1	-1	-1	4	3	3	-1	-1	-1	-1	-1	-1	-1	4	-1	0	0	-1	1	0	1
RPS5	-1	-1	3	-1	-1	-1	-1	-1	-1	-1	-1	-1	-1	-1	-1	0	-1	3	3	-1	-1	-1	-1	3	3	3	3	3	-1	-1	-1	-1	-1	-1	4	-1	0	1	-1	1	0	-1
LAMR1	-1	-1	3	-1	-1	-1	-1	-1	3	-1	-1	-1	-1	-1	-1	0	-1	3	3	-1	-1	-1	-1	3	3	3	3	4	-1	-1	-1	-1	-1	-1	3	-1	0	0	-1	1	0	-1
RPL29	-1	-1	3	-1	-1	-1	-1	-1	-1	-1	-1	-1	-1	-1	-1	0	-1	3	-1	-1	-1	-1	-1	3	4	3	3	3	-1	-1	-1	-1	-1	-1	3	-1	-1	0	-1	1	0	-1
RPL18A	-1	-1	3	-1	4	-1	-1	-1	-1	-1	-1	-1	-1	-1	-1	-1	-1	3	3	-1	-1	-1	-1	-1	-1	1	-1	-1	-1	-1	-1	-1	-1	-1	5	1	0	0	-1	-1	0	-1
RPS21	-1	-1	-1	-1	-1	-1	0	-1	-1	-1	1	-1	-1	-1	-1	-1	-1	-1	-1	-1	-1	-1	-1	-1	-1	-1	-1	-1	-1	-1	-1	-1	-1	4	3	0	0	0	-1	1	0	-1
RPL38	-1	-1	-1	-1	4	-1	0	-1	-1	-1	1	-1	-1	-1	-1	-1	-1	-1	-1	-1	-1	-1	-1	1	1	1	-1	-1	-1	-1	-1	-1	-1	-1	5	0	0	0	-1	-1	0	-1
RPL12	-1	-1	-1	-1	-1	-1	0	-1	-1	-1	-1	-1	-1	-1	-1	3	-1	-1	-1	-1	-1	-1	-1	-1	-1	-1	-1	-1	-1	-1	-1	-1	-1	-1	-1	0	0	0	-1	-1	0	-1
RPS28	-1	-1	-1	-1	-1	-1	0	-1	-1	-1	1	-1	-1	-1	-1	3	-1	-1	-1	-1	-1	-1	-1	-1	-1	-1	-1	-1	-1	-1	-1	-1	-1	4	-1	0	-1	0	-1	-1	0	-1
RPS10	-1	-1	3	-1	-1	-1	-1	-1	-1	-1	-1	-1	-1	-1	-1	-1	-1	3	3	-1	-1	-1	-1	-1	3	-1	-1	-1	-1	-1	-1	-1	-1	4	-1	-1	0	0	-1	2	0	-1
RPL9	-1	-1	3	-1	-1	-1	-1	-1	-1	-1	-1	-1	-1	-1	-1	-1	-1	3	3	-1	-1	-1	-1	-1	-1	-1	-1	-1	-1	-1	-1	-1	-1	4	-1	2	0	0	-1	1	0	-1
RPS11	-1	-1	-1	-1	4	-1	0	-1	-1	-1	1	-1	-1	-1	-1	-1	-1	-1	-1	-1	-1	-1	-1	-1	3	-1	-1	-1	-1	-1	-1	-1	-1	4	-1	0	0	0	-1	-1	0	-1
RPL32	-1	-1	-1	-1	-1	-1	-1	-1	-1	-1	-1	-1	-1	-1	-1	-1	-1	-1	-1	-1	-1	-1	-1	-1	-1	-1	-1	-1	-1	-1	-1	-1	-1	-1	5	0	0	0	-1	2	0	-1
RPS19	-1	-1	-1	-1	-1	-1	-1	-1	-1	-1	-1	-1	-1	-1	-1	-1	-1	-1	-1	-1	-1	-1	-1	-1	-1	-1	-1	-1	-1	-1	-1	-1	-1	-1	5	-1	0	0	-1	2	0	-1
RPL28	-1	-1	-1	-1	4	-1	-1	-1	-1	-1	-1	-1	-1	-1	-1	-1	-1	-1	-1	-1	-1	-1	-1	3	1	3	-1	-1	-1	-1	-1	-1	-1	-1	-1	0	0	0	-1	1	0	-1
RPL7A	-1	-1	-1	-1	4	-1	0	-1	4	-1	1	-1	-1	-1	-1	-1	-1	-1	-1	-1	-1	-1	-1	-1	-1	-1	-1	-1	-1	-1	-1	-1	-1	-1	4	0	-1	-1	-1	-1	0	-1
GNB2L1	-1	-1	-1	-1	-1	-1	-1	-1	-1	-1	-1	-1	-1	-1	-1	-1	-1	-1	-1	-1	-1	-1	-1	-1	-1	-1	-1	-1	-1	-1	-1	-1	-1	-1	3	-1	0	-1	-1	-1	0	-1
RPS3	-1	-1	3	-1	-1	-1	-1	-1	-1	-1	-1	-1	-1	-1	-1	-1	-1	-1	3	-1	-1	-1	-1	-1	-1	-1	-1	-1	-1	-1	-1	-1	-1	4	5	-1	-1	2	-1	-1	0	-1
RPL13A	-1	-1	3	-1	-1	-1	-1	-1	4	-1	1	-1	-1	-1	-1	4	-1	-1	3	-1	-1	-1	-1	1	1	1	0	-1	-1	-1	-1	-1	-1	-1	5	0	-1	0	-1	-1	0	4
RPL8	-1	-1	3	-1	-1	-1	-1	-1	4	-1	-1	-1	-1	-1	-1	-1	-1	3	3	-1	-1	-1	-1	-1	3	-1	-1	-1	-1	-1	-1	-1	-1	4	5	0	-1	0	-1	-1	0	4
RPL10A	-1	-1	-1	-1	-1	-1	-1	-1	-1	-1	-1	-1	-1	-1	-1	3	-1	-1	-1	-1	-1	-1	-1	-1	-1	0	0	-1	-1	-1	-1	-1	-1	4	-1	0	-1	-1	-1	-1	0	4
RPS27A	-1	-1	-1	-1	-1	-1	-1	-1	-1	-1	-1	-1	-1	-1	-1	-1	-1	-1	-1	-1	-1	-1	-1	-1	-1	-1	-1	1	-1	-1	-1	-1	-1	-1	-1	0	0	0	-1	2	0	-1
RPS23	-1	-1	-1	-1	-1	-1	-1	-1	-1	-1	-1	-1	-1	-1	-1	-1	-1	-1	-1	-1	-1	-1	-1	-1	-1	4	-1	-1	-1	-1	-1	-1	-1	3	5	0	0	0	-1	2	0	-1
RPL11	-1	-1	0	-1	-1	-1	-1	-1	-1	-1	-1	-1	-1	-1	-1	-1	-1	0	0	-1	-1	-1	-1	-1	-1	-1	-1	-1	-1	-1	-1	-1	-1	4	5	0	0	0	-1	2	0	-1
RPS8	-1	-1	-1	-1	-1	-1	-1	-1	-1	-1	-1	-1	-1	-1	-1	-1	-1	3	-1	-1	-1	-1	-1	-1	-1	3	-1	-1	-1	-1	-1	-1	-1	-1	5	-1	-1	0	-1	-1	0	-1
RPL6	-1	-1	-1	-1	-1	-1	4	-1	-1	-1	-1	-1	-1	-1	-1	4	-1	-1	-1	-1	-1	-1	-1	-1	-1	-1	-1	-1	3	0	0	-1	-1	-1	5	-1	-1	0	-1	-1	0	-1
RPL35	-1	-1	3	-1	-1	-1	-1	-1	-1	-1	-1	-1	-1	-1	-1	-1	-1	3	3	-1	-1	-1	-1	-1	-1	-1	-1	-1	-1	-1	-1	-1	-1	-1	5	2	0	0	-1	2	0	-1
SLC25A6	-1	-1	3	-1	-1	-1	-1	4	4	-1	-1	-1	-1	-1	-1	-1	-1	-1	-1	-1	-1	-1	-1	-1	-1	-1	-1	-1	-1	-1	-1	-1	-1	-1	-1	0	-1	4	-1	-1	-1	4
RPS3A	-1	-1	-1	-1	-1	-1	-1	-1	-1	-1	-1	-1	-1	-1	-1	-1	-1	3	3	-1	-1	-1	-1	-1	-1	-1	-1	-1	-1	-1	-1	-1	-1	-1	5	-1	0	0	-1	-1	0	-1
RPL34	-1	-1	3	-1	-1	-1	-1	-1	-1	-1	-1	-1	-1	-1	-1	-1	-1	3	3	-1	-1	-1	-1	-1	-1	-1	-1	-1	-1	-1	-1	-1	-1	3	-1	0	-1	2	-1	-1	0	-1
RPL23	-1	-1	-1	-1	-1	-1	-1	-1	-1	-1	-1	-1	-1	-1	-1	-1	-1	-1	-1	-1	-1	-1	-1	-1	-1	-1	-1	-1	-1	-1	-1	-1	-1	-1	5	0	4	-1	-1	-1	0	4
RPS24	-1	-1	-1	-1	-1	-1	-1	-1	-1	-1	-1	-1	-1	-1	-1	-1	-1	-1	-1	-1	-1	-1	-1	-1	-1	1	-1	-1	-1	-1	-1	-1	-1	-1	-1	-1	-1	2	-1	2	-1	-1
RPL27A	-1	-1	-1	-1	4	4	-1	-1	-1	-1	1	-1	-1	-1	-1	-1	-1	-1	-1	-1	-1	-1	-1	-1	-1	0	-1	-1	-1	-1	3	-1	3	-1	5	0	-1	-1	-1	-1	0	-1
PTMA	-1	-1	-1	-1	-1	-1	-1	-1	-1	-1	-1	-1	-1	-1	-1	-1	-1	-1	-1	-1	-1	-1	-1	3	-1	4	3	-1	-1	-1	-1	-1	-1	-1	5	-1	-1	0	-1	2	0	-1
HNRPA1	-1	-1	0	-1	-1	-1	-1	-1	-1	-1	-1	-1	-1	-1	-1	-1	-1	-1	0	-1	-1	-1	-1	3	3	4	3	-1	-1	-1	-1	-1	-1	4	5	3	2	2	-1	2	-1	-1
NACA	-1	-1	-1	-1	-1	-1	-1	4	-1	-1	-1	-1	-1	-1	-1	-1	-1	-1	-1	-1	-1	-1	-1	-1	-1	-1	-1	-1	-1	-1	4	-1	3	4	5	-1	-1	0	-1	-1	0	4
PTTG1IP	-1	-1	-1	-1	-1	-1	-1	-1	-1	-1	-1	-1	-1	-1	-1	-1	-1	-1	-1	-1	-1	-1	-1	-1	-1	4	3	-1	-1	-1	-1	-1	-1	4	5	-1	0	0	-1	1	0	-1
YWHAH	-1	-1	-1	-1	-1	-1	-1	4	4	-1	-1	-1	-1	-1	-1	3	-1	-1	-1	-1	-1	-1	-1	3	-1	4	-1	-1	-1	-1	-1	-1	-1	-1	-1	0	-1	0	-1	-1	0	4
MYH9	-1	-1	-1	-1	-1	-1	-1	-1	-1	-1	-1	-1	-1	-1	-1	-1	-1	-1	-1	-1	-1	-1	-1	4	3	4	3	-1	-1	-1	-1	-1	-1	3	5	-1	0	-1	-1	2	0	-1
PSMB1	-1	-1	-1	-1	-1	-1	-1	-1	-1	-1	-1	-1	-1	-1	-1	-1	-1	-1	-1	-1	-1	-1	-1	-1	3	-1	-1	-1	-1	-1	-1	-1	-1	3	-1	-1	-1	-1	-1	1	0	-1
TRIP12	-1	3	-1	-1	0	-1	-1	-1	-1	-1	-1	-1	1	-1	-1	-1	-1	-1	-1	-1	-1	-1	-1	-1	3	-1	-1	-1	-1	-1	-1	-1	-1	-1	4	-1	2	2	-1	1	1	-1
GRN	-1	-1	0	-1	4	-1	-1	-1	-1	1	1	-1	-1	-1	-1	-1	-1	0	0	-1	-1	-1	-1	4	4	-1	3	3	-1	-1	-1	-1	-1	-1	4	1	2	2	-1	1	0	-1
PRDX1	-1	-1	-1	-1	-1	-1	-1	-1	-1	-1	-1	-1	-1	-1	-1	-1	-1	-1	-1	-1	-1	-1	-1	-1	-1	-1	-1	-1	-1	-1	-1	-1	-1	-1	5	-1	4	0	-1	-1	0	-1
GSTO1	-1	-1	-1	-1	-1	-1	-1	-1	-1	-1	-1	-1	-1	-1	-1	-1	-1	-1	-1	-1	-1	-1	-1	-1	0	-1	-1	-1	-1	-1	1	-1	-1	-1	5	-1	2	0	-1	1	-1	-1
NPC2	-1	-1	-1	-1	-1	-1	-1	-1	-1	-1	1	-1	-1	-1	-1	-1	-1	-1	-1	-1	-1	-1	-1	-1	4	3	3	-1	-1	-1	-1	-1	-1	-1	5	-1	0	0	-1	1	0	-1
ALDOA	-1	-1	-1	-1	4	-1	0	-1	4	1	1	-1	-1	-1	-1	-1	-1	0	-1	-1	-1	-1	-1	3	4	3	3	3	-1	-1	0	-1	-1	0	3	0	0	0	-1	1	-1	-1
CSTB	-1	-1	-1	-1	4	-1	-1	-1	-1	-1	-1	-1	-1	-1	-1	-1	-1	-1	-1	-1	-1	-1	-1	4	4	3	3	4	-1	-1	-1	-1	-1	-1	3	0	0	1	-1	1	0	-1
VIM	-1	-1	-1	-1	4	-1	0	-1	-1	1	1	-1	-1	-1	-1	-1	-1	-1	-1	-1	-1	-1	3	4	3	3	3	4	-1	-1	1	-1	-1	0	4	0	0	0	-1	1	0	1
TMSB4X	-1	-1	0	-1	4	-1	0	-1	-1	1	1	-1	-1	-1	-1	-1	-1	0	0	-1	-1	-1	-1	4	4	3	3	4	-1	-1	-1	-1	-1	0	5	0	0	0	1	1	0	1
TPT1	-1	-1	-1	-1	4	-1	-1	-1	-1	-1	-1	-1	-1	-1	-1	-1	-1	-1	-1	-1	-1	-1	-1	-1	4	4	3	-1	-1	-1	-1	-1	-1	-1	5	-1	0	0	-1	1	0	-1
EEF1A1	-1	-1	0	-1	4	-1	0	-1	-1	1	1	-1	-1	-1	-1	-1	-1	0	0	-1	-1	-1	-1	3	3	3	3	4	-1	-1	-1	-1	-1	-1	4	0	0	0	-1	1	0	1
CST3	-1	-1	-1	-1	-1	-1	0	-1	-1	1	1	-1	-1	-1	-1	0	-1	-1	-1	-1	-1	-1	-1	3	4	3	3	-1	-1	-1	-1	-1	-1	-1	5	0	0	0	-1	-1	0	-1
GAPD	-1	-1	-1	-1	4	-1	0	-1	-1	-1	1	-1	-1	-1	-1	-1	-1	0	0	-1	-1	-1	-1	-1	-1	-1	-1	4	-1	-1	-1	-1	-1	1	3	0	1	0	-1	1	0	-1
ACTB	-1	-1	-1	-1	4	-1	-1	-1	-1	-1	-1	-1	4	-1	-1	-1	-1	0	-1	-1	-1	-1	-1	4	-1	4	4	3	-1	-1	-1	-1	-1	0	3	1	0	0	-1	0	-1	1
CAPG	-1	-1	3	-1	4	-1	-1	-1	-1	-1	-1	-1	-1	-1	-1	-1	-1	-1	-1	-1	-1	-1	-1	-1	-1	-1	-1	-1	-1	-1	-1	-1	-1	4	-1	2	0	0	-1	1	0	-1
HLA-A	-1	-1	0	-1	4	-1	0	-1	-1	1	1	-1	-1	-1	-1	-1	-1	0	0	-1	-1	-1	-1	-1	3	4	3	-1	-1	-1	-1	-1	-1	-1	4	-1	0	0	-1	1	0	1
GM2A	-1	-1	-1	-1	4	-1	-1	-1	-1	-1	-1	-1	-1	-1	-1	-1	-1	-1	-1	-1	-1	-1	-1	-1	4	4	3	-1	-1	-1	-1	-1	-1	-1	5	-1	0	0	-1	1	0	-1
TMSB10	-1	-1	-1	-1	-1	-1	-1	-1	-1	-1	-1	-1	-1	-1	-1	-1	-1	-1	-1	-1	-1	-1	-1	-1	-1	-1	-1	-1	-1	-1	-1	-1	-1	-1	5	2	0	0	-1	1	0	-1
ENO1	-1	-1	-1	-1	4	4	-1	-1	-1	-1	-1	-1	-1	-1	-1	-1	-1	-1	-1	-1	-1	-1	-1	-1	3	-1	-1	-1	-1	3	1	-1	0	-1	5	1	0	0	-1	1	0	-1
CD63	-1	-1	-1	-1	4	-1	-1	-1	-1	-1	1	-1	-1	-1	-1	-1	-1	-1	-1	-1	-1	-1	-1	-1	-1	-1	-1	-1	-1	-1	-1	-1	-1	-1	5	-1	0	0	1	1	0	-1
ANXA2	-1	-1	-1	-1	4	-1	0	-1	-1	1	1	-1	-1	-1	-1	-1	-1	-1	-1	-1	-1	-1	-1	-1	-1	3	-1	-1	-1	-1	-1	-1	-1	1	-1	0	0	0	-1	1	0	-1
SQSTM1	-1	-1	-1	-1	4	-1	-1	-1	-1	1	1	-1	-1	-1	-1	-1	-1	-1	-1	-1	-1	-1	-1	4	4	3	3	-1	-1	-1	-1	-1	-1	1	3	0	0	0	2	0	0	-1
IFNGR2	-1	-1	-1	-1	-1	-1	4	-1	4	-1	-1	-1	-1	1	1	4	-1	-1	-1	-1	-1	-1	-1	3	3	3	-1	-1	-1	0	0	0	1	3	5	-1	1	2	1	1	1	0
CD99	-1	-1	-1	-1	-1	-1	-1	-1	-1	-1	-1	-1	-1	-1	-1	-1	-1	3	-1	-1	-1	-1	-1	3	3	3	3	-1	3	-1	-1	-1	-1	-1	-1	-1	0	0	-1	0	1	1
MSN	-1	-1	-1	-1	-1	-1	-1	-1	-1	-1	-1	-1	-1	-1	-1	0	-1	-1	-1	-1	-1	-1	-1	3	4	3	3	3	-1	-1	-1	-1	-1	-1	4	-1	1	2	-1	1	-1	1
MVP	4	-1	-1	-1	3	-1	-1	-1	-1	-1	-1	-1	4	-1	-1	4	-1	-1	-1	-1	-1	-1	-1	-1	3	-1	-1	-1	-1	-1	-1	-1	-1	-1	4	-1	1	1	-1	1	0	1
RHOG	-1	-1	-1	-1	-1	1	1	1	1	1	1	-1	-1	-1	1	4	0	-1	-1	-1	-1	-1	-1	3	3	-1	3	-1	-1	-1	-1	-1	-1	4	5	-1	1	2	-1	1	1	-1
FSCN1	4	-1	-1	-1	-1	1	1	1	1	1	0	-1	-1	0	1	4	0	0	1	-1	-1	-1	-1	3	3	3	-1	-1	-1	-1	-1	-1	-1	-1	3	-1	0	0	2	0	0	0
ANPEP	-1	-1	-1	-1	4	-1	1	1	-1	1	-1	-1	-1	-1	-1	0	1	-1	0	-1	-1	-1	-1	3	4	-1	-1	4	-1	1	1	-1	0	-1	3	-1	0	0	2	0	0	1
CTSL	-1	-1	0	-1	-1	-1	-1	-1	-1	-1	-1	-1	3	-1	-1	1	-1	0	-1	-1	-1	-1	-1	3	3	3	3	4	-1	-1	-1	-1	-1	-1	4	1	0	0	1	1	0	1
CDKN1A	-1	-1	-1	-1	-1	-1	1	0	1	1	1	-1	-1	1	1	-1	-1	-1	-1	-1	-1	-1	-1	1	-1	3	-1	-1	-1	0	0	1	0	1	4	-1	0	0	1	0	0	1
IL4R	-1	-1	-1	4	-1	-1	-1	1	-1	-1	-1	3	-1	-1	-1	-1	-1	-1	-1	-1	-1	-1	-1	-1	3	-1	4	4	3	-1	0	0	-1	-1	3	1	1	-1	1	1	-1	1
CD81	-1	-1	-1	-1	4	-1	0	-1	-1	-1	1	-1	-1	-1	-1	-1	-1	0	0	-1	-1	-1	-1	-1	-1	1	-1	4	-1	-1	4	-1	-1	-1	-1	0	0	2	-1	-1	0	-1
PSAP	-1	-1	0	-1	4	-1	0	-1	4	1	1	-1	-1	-1	-1	3	-1	0	0	-1	-1	1	-1	4	3	1	-1	-1	-1	-1	-1	-1	-1	-1	-1	0	2	0	-1	-1	0	-1
CTSD	-1	-1	0	-1	-1	-1	0	-1	4	1	1	-1	-1	-1	-1	-1	-1	0	0	-1	-1	-1	3	-1	3	1	0	4	-1	-1	-1	-1	-1	-1	-1	0	-1	2	-1	-1	-1	-1
FTL	1	-1	0	-1	-1	-1	0	-1	4	1	1	4	4	-1	-1	3	1	0	0	0	-1	1	-1	3	3	4	3	3	-1	-1	-1	-1	-1	0	5	0	0	0	-1	-1	0	-1
RPS29	-1	-1	-1	-1	4	-1	0	-1	-1	-1	1	-1	-1	-1	-1	3	-1	-1	-1	-1	-1	-1	-1	-1	-1	-1	-1	-1	-1	-1	-1	-1	-1	-1	-1	0	-1	2	-1	-1	0	-1
RPL41	-1	-1	0	-1	4	-1	0	-1	-1	1	1	-1	-1	-1	-1	3	-1	0	0	-1	-1	-1	-1	-1	-1	-1	-1	-1	-1	-1	-1	-1	-1	0	5	0	0	0	-1	-1	0	-1
RPL37A	-1	-1	-1	-1	4	-1	0	-1	-1	1	1	-1	-1	-1	-1	3	-1	0	-1	-1	-1	-1	-1	-1	-1	-1	-1	-1	-1	-1	-1	-1	-1	-1	-1	0	0	0	-1	-1	0	-1
CFL1	-1	-1	-1	-1	4	-1	-1	-1	-1	-1	-1	-1	-1	-1	-1	-1	-1	-1	-1	-1	-1	-1	-1	-1	-1	-1	-1	-1	-1	-1	-1	-1	-1	-1	5	0	-1	2	-1	2	-1	-1
SCA2	-1	0	0	-1	3	-1	3	3	-1	4	-1	-1	3	4	4	-1	-1	0	0	-1	-1	-1	-1	-1	0	1	-1	3	-1	-1	-1	4	-1	-1	0	-1	2	-1	4	-1	-1	-1
RPS6KA1	-1	-1	-1	-1	-1	-1	4	3	4	4	4	-1	-1	-1	-1	0	-1	-1	-1	-1	-1	-1	1	4	4	-1	-1	3	0	-1	-1	0	-1	4	0	-1	-1	-1	4	-1	-1	4
SLA	-1	-1	-1	-1	3	-1	4	4	3	4	4	-1	4	-1	-1	0	-1	3	3	-1	-1	4	-1	3	3	3	3	3	-1	4	4	-1	4	-1	0	5	2	-1	-1	1	1	1
THAP11	4	-1	-1	-1	-1	-1	-1	-1	-1	4	3	-1	-1	-1	-1	0	3	-1	-1	-1	-1	-1	-1	4	3	4	-1	4	-1	-1	-1	-1	-1	1	0	1	-1	3	-1	-1	-1	0
NUP214	-1	-1	0	-1	4	-1	-1	4	4	-1	-1	4	4	-1	-1	-1	-1	3	-1	-1	3	4	-1	-1	4	4	-1	3	-1	-1	-1	-1	-1	-1	0	-1	-1	-1	-1	2	-1	1
VGLL4	-1	-1	-1	-1	-1	-1	-1	-1	-1	-1	-1	-1	-1	-1	-1	-1	-1	-1	1	-1	-1	-1	-1	4	0	-1	4	-1	-1	-1	-1	-1	-1	-1	0	-1	4	-1	-1	-1	-1	-1
STXBP2	4	-1	-1	-1	3	-1	3	-1	-1	3	-1	-1	4	-1	-1	-1	-1	3	-1	-1	-1	-1	-1	-1	-1	0	-1	-1	-1	-1	-1	-1	-1	-1	0	-1	-1	-1	-1	2	-1	-1
SLC2A5	-1	-1	0	-1	-1	-1	4	4	4	4	4	-1	4	-1	-1	3	-1	4	-1	-1	-1	-1	-1	-1	-1	-1	-1	-1	-1	-1	-1	-1	-1	-1	0	-1	-1	3	-1	3	3	-1
CDA	-1	-1	-1	-1	-1	4	3	4	-1	3	3	-1	-1	4	-1	4	4	4	-1	-1	4	3	-1	-1	-1	-1	-1	3	-1	-1	-1	-1	-1	-1	0	3	5	4	-1	0	-1	-1
ANXA11	-1	-1	-1	-1	4	-1	-1	-1	-1	-1	-1	-1	-1	-1	-1	-1	-1	-1	-1	-1	-1	-1	-1	-1	-1	-1	-1	-1	-1	-1	-1	-1	-1	-1	0	-1	4	4	-1	2	0	-1
LRRC14	4	-1	4	0	4	-1	-1	-1	-1	-1	-1	-1	4	3	4	4	-1	-1	-1	4	-1	1	-1	-1	3	0	3	-1	-1	-1	-1	-1	-1	-1	0	0	3	4	-1	-1	-1	4
ARFIP2	-1	-1	-1	-1	-1	-1	-1	-1	-1	-1	-1	-1	3	-1	-1	1	4	-1	-1	-1	-1	-1	-1	-1	3	-1	-1	-1	-1	-1	-1	-1	-1	3	0	3	4	-1	-1	-1	0	-1
RNF10	-1	-1	-1	-1	-1	-1	-1	-1	-1	-1	-1	-1	-1	-1	-1	1	-1	-1	-1	-1	-1	-1	-1	-1	0	3	3	-1	0	-1	-1	-1	3	-1	0	3	-1	-1	-1	-1	-1	1
AARS	-1	1	-1	-1	-1	1	4	4	-1	4	-1	-1	-1	-1	-1	-1	4	-1	-1	-1	-1	-1	-1	-1	-1	-1	-1	-1	-1	-1	-1	-1	-1	3	0	-1	-1	4	2	-1	0	-1
TALDO1	-1	-1	-1	-1	-1	-1	-1	-1	-1	-1	-1	-1	-1	-1	-1	-1	-1	-1	-1	-1	-1	-1	-1	-1	-1	-1	-1	-1	-1	-1	-1	-1	-1	-1	0	0	-1	-1	-1	2	-1	-1
MIF	-1	-1	3	-1	4	-1	-1	-1	-1	-1	-1	-1	-1	-1	-1	4	-1	3	3	-1	3	-1	-1	-1	-1	-1	-1	-1	-1	-1	-1	-1	-1	4	0	-1	0	1	-1	1	0	1
SNRPD2	-1	-1	3	-1	-1	-1	-1	4	-1	-1	-1	-1	-1	-1	-1	-1	-1	3	3	-1	-1	-1	-1	-1	-1	-1	-1	-1	-1	-1	-1	-1	-1	-1	-1	-1	2	2	-1	2	-1	-1
PSMB3	-1	-1	3	-1	-1	-1	-1	-1	-1	-1	-1	-1	-1	-1	-1	-1	-1	-1	3	-1	-1	-1	-1	-1	-1	-1	-1	-1	-1	-1	-1	-1	-1	-1	0	2	-1	-1	-1	2	0	-1
ATP6V0C	-1	-1	-1	-1	4	-1	-1	4	4	-1	-1	-1	-1	-1	-1	-1	-1	-1	-1	-1	-1	-1	-1	0	-1	0	0	4	-1	-1	-1	-1	-1	3	-1	2	-1	2	-1	-1	0	4
RPL18	-1	-1	3	-1	4	-1	-1	-1	-1	-1	-1	-1	-1	-1	-1	0	-1	3	3	-1	-1	-1	-1	3	3	3	3	-1	-1	-1	-1	-1	-1	-1	0	-1	-1	1	-1	2	0	4
RPS25	-1	-1	-1	-1	4	-1	-1	-1	-1	-1	-1	-1	-1	-1	-1	-1	-1	-1	-1	-1	-1	-1	-1	3	3	3	3	3	-1	-1	-1	-1	-1	-1	0	1	0	0	1	1	0	1
RPL14	-1	-1	-1	-1	4	-1	-1	-1	-1	-1	-1	-1	-1	-1	-1	-1	-1	-1	-1	-1	-1	-1	-1	0	3	1	0	1	-1	-1	-1	-1	-1	-1	0	-1	1	1	-1	1	1	-1
PARK7	-1	-1	-1	-1	-1	-1	-1	4	-1	4	4	-1	-1	-1	-1	-1	-1	3	-1	-1	-1	-1	-1	4	3	3	3	-1	-1	-1	-1	-1	-1	3	0	-1	-1	4	-1	2	0	4
RHOA	-1	-1	-1	-1	-1	-1	-1	-1	-1	-1	-1	-1	-1	-1	-1	-1	-1	-1	-1	-1	-1	-1	-1	3	3	3	3	-1	-1	-1	-1	-1	-1	-1	0	-1	0	0	-1	1	1	-1
MDH1	-1	-1	-1	-1	-1	-1	-1	4	3	-1	-1	-1	-1	-1	-1	-1	-1	3	-1	-1	-1	-1	-1	3	3	3	3	4	-1	-1	-1	-1	-1	-1	0	-1	-1	1	-1	2	0	-1
ATP5A1	-1	-1	-1	-1	4	-1	-1	4	3	-1	-1	-1	-1	-1	-1	-1	-1	3	-1	-1	-1	-1	-1	3	3	3	3	4	-1	-1	-1	-1	-1	-1	0	-1	-1	-1	-1	2	0	4
AKR1A1	-1	-1	-1	-1	-1	-1	-1	4	4	-1	-1	-1	-1	-1	-1	-1	-1	-1	-1	-1	-1	-1	-1	-1	-1	3	-1	-1	-1	-1	-1	-1	-1	-1	0	-1	4	2	-1	2	0	-1
HSPD1	-1	-1	-1	-1	-1	-1	4	-1	-1	4	-1	-1	-1	-1	4	-1	3	-1	-1	-1	-1	-1	-1	3	4	3	3	-1	-1	-1	-1	-1	-1	4	0	3	4	-1	-1	2	-1	-1
HSPCB	-1	-1	-1	-1	-1	-1	-1	-1	-1	-1	-1	-1	-1	-1	-1	-1	-1	-1	-1	-1	-1	-1	-1	3	4	3	3	-1	-1	-1	-1	-1	-1	-1	0	-1	-1	2	-1	2	-1	-1
CYFIP1	-1	-1	-1	-1	-1	-1	4	4	4	4	4	-1	-1	4	-1	-1	-1	4	-1	-1	-1	-1	-1	-1	4	-1	-1	-1	-1	-1	-1	-1	-1	-1	0	-1	-1	4	-1	2	0	-1
RPS9	-1	-1	-1	-1	-1	-1	-1	-1	-1	-1	-1	-1	-1	-1	-1	-1	-1	3	-1	-1	0	1	0	-1	-1	-1	-1	4	-1	-1	-1	-1	-1	4	-1	0	0	0	-1	1	0	-1
COX6B	-1	-1	-1	-1	-1	-1	-1	-1	-1	-1	-1	-1	-1	-1	-1	-1	-1	-1	-1	-1	-1	-1	-1	-1	-1	-1	-1	-1	-1	-1	-1	-1	-1	-1	0	-1	-1	-1	-1	2	-1	-1
COX8A	-1	-1	3	-1	4	-1	-1	-1	-1	-1	-1	-1	-1	-1	-1	4	-1	3	3	-1	-1	-1	-1	3	3	3	3	-1	-1	-1	-1	-1	-1	-1	0	1	0	0	-1	1	0	-1
EIF4A1	-1	-1	-1	-1	4	-1	-1	-1	3	-1	-1	-1	-1	-1	-1	-1	-1	-1	-1	-1	-1	-1	-1	3	3	-1	-1	4	-1	-1	-1	-1	-1	1	0	-1	0	0	-1	2	0	-1
ATP6V1F	-1	-1	3	-1	-1	-1	-1	-1	-1	-1	-1	-1	-1	-1	-1	-1	-1	3	3	-1	-1	-1	-1	-1	3	-1	-1	-1	-1	-1	-1	-1	-1	-1	0	-1	0	0	-1	2	0	-1
PFDN5	-1	-1	-1	-1	-1	-1	-1	4	4	-1	-1	4	-1	-1	-1	-1	-1	-1	3	-1	-1	-1	-1	-1	-1	4	-1	-1	-1	-1	-1	-1	-1	-1	0	3	-1	-1	-1	1	0	-1
NEDD8	-1	-1	-1	-1	-1	-1	-1	-1	-1	-1	-1	-1	-1	-1	-1	-1	-1	3	-1	-1	-1	-1	-1	-1	-1	0	-1	-1	-1	-1	-1	-1	-1	-1	0	2	-1	-1	-1	2	0	-1
RPL4	-1	-1	3	-1	-1	-1	-1	-1	-1	-1	-1	-1	-1	-1	-1	-1	-1	3	3	-1	-1	-1	-1	4	4	3	3	-1	-1	-1	-1	-1	-1	-1	0	-1	-1	-1	-1	1	0	-1
RPLP1	-1	-1	-1	-1	4	-1	0	-1	-1	1	1	-1	-1	-1	-1	-1	-1	-1	-1	-1	-1	-1	-1	-1	-1	-1	3	-1	-1	-1	-1	-1	-1	4	0	0	0	0	-1	1	0	-1
RPL27	-1	-1	-1	-1	-1	4	-1	-1	-1	-1	-1	-1	-1	-1	-1	-1	-1	-1	-1	-1	-1	-1	-1	-1	-1	-1	-1	-1	-1	-1	-1	-1	-1	4	0	0	0	0	-1	1	0	-1
RPS17	-1	-1	-1	-1	-1	-1	-1	-1	-1	-1	-1	-1	-1	-1	-1	-1	-1	-1	-1	-1	-1	-1	-1	-1	-1	-1	-1	-1	-1	-1	-1	-1	-1	-1	0	0	0	-1	-1	-1	0	-1
RPLP0	-1	-1	-1	-1	4	-1	-1	-1	-1	-1	-1	-1	-1	-1	-1	-1	-1	-1	3	-1	-1	-1	-1	-1	-1	-1	-1	-1	-1	-1	-1	-1	-1	-1	0	0	0	0	-1	-1	0	-1
RPS15	4	-1	-1	-1	4	-1	0	-1	-1	-1	1	-1	4	-1	-1	-1	-1	-1	-1	-1	-1	-1	-1	-1	-1	1	-1	-1	-1	-1	-1	-1	-1	4	0	0	0	0	-1	2	0	-1
OAZ1	-1	-1	0	-1	4	-1	0	-1	-1	1	1	-1	4	-1	-1	-1	-1	0	0	-1	-1	-1	-1	-1	-1	1	-1	4	-1	-1	-1	-1	-1	-1	0	0	2	2	-1	-1	0	-1
FTH1	-1	-1	0	-1	4	-1	0	-1	-1	1	1	-1	-1	-1	-1	3	-1	0	0	-1	-1	1	-1	-1	-1	-1	-1	-1	4	1	1	-1	1	4	0	0	0	0	-1	-1	0	-1
KARS	-1	-1	3	-1	4	1	3	-1	-1	3	-1	-1	-1	-1	1	-1	-1	3	3	-1	-1	-1	-1	0	1	0	0	-1	-1	-1	-1	-1	-1	-1	0	2	1	-1	-1	1	-1	-1
PSMB2	-1	-1	3	-1	4	-1	-1	-1	-1	-1	-1	-1	-1	-1	-1	-1	-1	-1	-1	-1	-1	-1	-1	-1	-1	-1	3	-1	-1	-1	-1	-1	-1	-1	0	-1	2	2	-1	1	-1	1
CIRBP	-1	-1	-1	-1	-1	-1	-1	-1	-1	-1	-1	-1	-1	-1	-1	-1	-1	-1	-1	-1	-1	-1	-1	-1	-1	0	-1	-1	-1	-1	-1	-1	-1	4	0	-1	2	4	-1	-1	0	-1
PSMD7	-1	-1	-1	-1	-1	-1	-1	-1	-1	-1	-1	-1	-1	-1	-1	-1	-1	-1	-1	-1	-1	-1	-1	-1	-1	-1	-1	-1	-1	-1	-1	-1	-1	-1	0	-1	4	-1	-1	-1	-1	-1
RNPS1	-1	-1	-1	-1	-1	-1	-1	-1	-1	-1	-1	-1	-1	-1	-1	-1	-1	-1	-1	-1	-1	-1	-1	-1	-1	-1	-1	-1	-1	-1	-1	-1	-1	-1	0	0	-1	-1	-1	-1	-1	-1
GANAB	-1	-1	-1	-1	-1	-1	-1	-1	-1	-1	-1	-1	-1	-1	-1	1	-1	-1	-1	4	-1	-1	-1	3	-1	-1	0	-1	-1	-1	-1	-1	-1	3	0	2	-1	4	-1	2	4	-1
CAP1	-1	-1	-1	-1	4	-1	-1	-1	-1	-1	-1	-1	-1	-1	-1	-1	-1	-1	-1	-1	-1	-1	-1	-1	-1	1	-1	-1	-1	-1	-1	-1	-1	-1	0	-1	-1	0	-1	2	0	-1
POLR2L	-1	-1	3	-1	-1	-1	-1	-1	4	-1	-1	-1	-1	-1	-1	-1	-1	-1	-1	-1	-1	-1	-1	-1	-1	1	0	-1	-1	-1	-1	-1	-1	-1	0	1	4	-1	5	3	0	-1
HDLBP	-1	-1	-1	-1	-1	-1	-1	-1	-1	-1	-1	-1	-1	-1	-1	3	-1	-1	-1	-1	-1	-1	-1	-1	-1	-1	-1	-1	-1	-1	-1	-1	-1	-1	0	2	-1	4	-1	2	-1	-1
CLTA	-1	-1	3	-1	-1	-1	-1	4	-1	-1	-1	-1	-1	-1	-1	3	-1	-1	3	-1	-1	-1	-1	0	0	0	0	-1	-1	-1	-1	-1	-1	-1	0	0	1	0	-1	-1	0	4
DNAJB1	-1	-1	3	-1	-1	4	0	-1	4	-1	-1	-1	-1	4	4	3	3	-1	3	3	-1	-1	-1	-1	-1	1	1	-1	-1	-1	-1	-1	-1	-1	0	4	4	1	-1	-1	-1	4
PTDSS1	-1	-1	-1	-1	-1	-1	-1	4	4	-1	-1	-1	-1	-1	-1	-1	-1	-1	-1	-1	-1	-1	-1	-1	-1	-1	-1	-1	-1	-1	-1	-1	-1	1	0	-1	4	-1	-1	-1	0	4
MATK	-1	-1	-1	-1	3	4	3	4	3	-1	4	-1	-1	-1	-1	-1	-1	-1	-1	-1	-1	-1	-1	0	0	0	0	3	-1	-1	-1	-1	-1	-1	0	0	4	4	-1	3	-1	4
ECHS1	-1	-1	3	-1	4	-1	-1	4	4	4	4	-1	4	-1	-1	-1	-1	-1	-1	-1	-1	-1	-1	-1	-1	1	3	-1	-1	-1	-1	-1	-1	-1	0	2	4	-1	-1	3	-1	4
ATP5G1	-1	-1	0	-1	4	-1	-1	4	-1	-1	-1	-1	-1	-1	-1	-1	-1	0	0	-1	-1	-1	-1	-1	1	0	0	-1	-1	-1	-1	-1	-1	-1	0	-1	5	-1	-1	4	-1	4
FKBP2	4	-1	-1	0	-1	-1	-1	-1	-1	-1	-1	-1	-1	-1	-1	-1	-1	3	-1	-1	-1	1	1	-1	-1	-1	-1	-1	-1	-1	-1	-1	-1	4	0	1	-1	-1	-1	2	-1	-1
TCIRG1	-1	-1	0	-1	-1	-1	-1	4	4	-1	-1	-1	-1	-1	-1	-1	-1	0	0	-1	-1	-1	-1	-1	-1	-1	4	-1	-1	-1	-1	-1	-1	4	0	0	-1	4	-1	2	-1	-1
PSMD2	-1	-1	-1	-1	-1	-1	-1	-1	-1	-1	-1	-1	-1	-1	-1	-1	-1	-1	-1	-1	-1	-1	-1	-1	-1	-1	-1	-1	-1	-1	-1	-1	-1	-1	0	-1	-1	-1	-1	-1	-1	-1
CD151	-1	-1	-1	-1	-1	-1	-1	-1	4	-1	-1	-1	-1	-1	-1	-1	-1	-1	-1	-1	-1	-1	-1	1	-1	0	0	-1	-1	-1	-1	-1	-1	-1	0	-1	-1	4	-1	-1	-1	-1
RHOC	-1	-1	3	-1	-1	-1	-1	-1	-1	1	-1	-1	-1	-1	-1	-1	-1	-1	-1	-1	-1	-1	-1	-1	-1	-1	-1	-1	-1	-1	-1	-1	-1	-1	0	-1	1	-1	-1	2	-1	1
PCDH1	4	-1	-1	-1	-1	-1	-1	-1	-1	3	-1	-1	4	4	3	3	3	-1	-1	-1	3	-1	3	1	0	0	0	3	-1	-1	-1	-1	-1	4	0	-1	-1	3	-1	3	-1	-1
CREB3	-1	-1	-1	-1	4	-1	-1	-1	-1	-1	-1	-1	-1	4	-1	3	-1	-1	-1	-1	-1	-1	-1	1	0	0	0	-1	-1	-1	-1	-1	-1	-1	0	1	-1	-1	-1	-1	-1	-1
C2	-1	-1	-1	3	3	-1	-1	-1	-1	-1	-1	4	0	-1	-1	-1	3	-1	-1	-1	3	-1	-1	-1	-1	4	-1	-1	-1	-1	-1	-1	-1	4	0	-1	1	-1	-1	-1	1	-1
IL3RA	4	3	0	-1	3	3	1	1	0	1	1	3	3	-1	3	1	3	0	1	4	3	-1	3	-1	3	3	4	3	-1	1	0	1	1	-1	0	0	2	4	1	2	-1	-1
SRF	-1	-1	-1	-1	-1	-1	-1	-1	-1	-1	-1	-1	-1	-1	3	-1	3	-1	-1	-1	-1	4	4	3	-1	-1	0	-1	-1	-1	3	-1	-1	3	0	-1	-1	-1	-1	-1	0	-1
IL2RG	-1	-1	-1	-1	-1	-1	-1	-1	-1	-1	-1	-1	4	-1	-1	1	-1	-1	-1	-1	-1	-1	-1	-1	0	-1	-1	-1	-1	-1	-1	-1	-1	-1	0	1	2	-1	-1	2	0	1
MGAT1	-1	-1	-1	-1	-1	-1	-1	-1	3	-1	-1	-1	-1	-1	-1	-1	-1	-1	-1	-1	-1	-1	-1	3	3	3	3	-1	-1	-1	-1	-1	-1	-1	0	-1	0	0	-1	1	0	-1
C5R1	-1	-1	-1	-1	-1	4	-1	4	4	1	1	-1	-1	-1	-1	-1	-1	-1	3	-1	-1	-1	-1	-1	3	4	3	-1	-1	-1	-1	-1	-1	1	0	-1	0	0	0	1	0	-1
PSMC1	-1	-1	-1	-1	-1	-1	-1	-1	-1	-1	-1	-1	-1	-1	-1	-1	4	-1	-1	-1	-1	-1	-1	-1	-1	-1	-1	-1	-1	-1	-1	-1	-1	3	-1	-1	2	0	-1	2	-1	-1
ATOX1	-1	-1	3	-1	-1	-1	-1	-1	-1	-1	-1	-1	-1	-1	1	-1	-1	3	3	-1	-1	-1	-1	-1	3	-1	-1	-1	-1	-1	-1	-1	-1	-1	0	2	0	0	1	1	0	1
PSMB7	-1	-1	3	-1	-1	-1	-1	-1	-1	-1	-1	-1	-1	3	-1	-1	-1	3	3	-1	-1	-1	-1	-1	-1	-1	-1	-1	3	-1	-1	-1	-1	-1	-1	3	2	2	1	2	1	1
IL10RB	-1	-1	-1	-1	1	4	-1	4	4	-1	-1	-1	-1	-1	-1	3	-1	-1	0	-1	-1	-1	-1	-1	-1	-1	-1	-1	-1	-1	-1	-1	-1	4	0	3	0	0	-1	0	1	-1
PSCD1	-1	-1	0	0	-1	1	-1	-1	-1	-1	-1	-1	-1	4	-1	4	0	-1	0	4	0	0	0	-1	3	-1	-1	-1	-1	-1	-1	-1	-1	3	0	-1	0	2	1	1	1	1
ADAM8	-1	-1	0	-1	-1	-1	-1	-1	-1	-1	-1	-1	-1	-1	-1	-1	-1	0	-1	-1	-1	-1	-1	-1	-1	4	-1	-1	-1	-1	3	-1	-1	3	0	-1	0	-1	2	1	0	0
PLP2	-1	-1	3	-1	3	-1	3	3	-1	-1	3	-1	-1	-1	-1	-1	-1	3	3	-1	-1	4	-1	1	0	-1	1	-1	-1	-1	-1	-1	-1	-1	0	4	1	1	4	1	1	-1
PSMD11	-1	-1	0	-1	4	-1	-1	-1	1	-1	-1	-1	-1	-1	-1	0	-1	-1	-1	-1	-1	-1	-1	1	-1	1	-1	-1	-1	-1	-1	-1	-1	3	0	-1	2	2	-1	2	0	-1
NDRG1	-1	-1	-1	-1	-1	-1	-1	-1	-1	-1	-1	-1	-1	-1	-1	1	-1	-1	-1	-1	-1	-1	-1	-1	4	3	3	-1	-1	-1	-1	-1	-1	4	0	-1	1	-1	-1	1	-1	1
ZNF592	1	-1	-1	0	-1	4	1	-1	-1	-1	1	-1	-1	3	4	-1	3	-1	4	-1	-1	-1	-1	3	0	-1	-1	-1	0	0	0	0	1	3	0	0	3	4	-1	4	-1	-1
MRPL23	-1	-1	-1	-1	-1	-1	-1	4	4	4	-1	-1	3	-1	-1	0	-1	3	-1	-1	-1	-1	-1	1	0	0	0	-1	-1	-1	-1	-1	-1	4	-1	-1	-1	-1	5	-1	3	4
SNRPA	4	3	-1	0	4	-1	-1	3	3	4	-1	3	4	3	4	-1	-1	3	4	4	4	1	-1	-1	-1	-1	-1	-1	-1	-1	-1	-1	-1	3	3	3	-1	-1	-1	2	-1	1
FAH	-1	-1	-1	-1	-1	-1	-1	-1	-1	-1	-1	-1	-1	-1	-1	3	-1	-1	-1	-1	-1	-1	-1	-1	-1	-1	0	-1	-1	-1	-1	-1	-1	-1	-1	0	-1	-1	-1	4	4	4
ERCC1	-1	-1	-1	-1	-1	-1	-1	4	4	-1	4	-1	4	-1	-1	-1	-1	3	4	-1	-1	-1	-1	1	-1	0	1	1	-1	-1	-1	-1	-1	3	0	-1	4	-1	4	-1	-1	4
R3HDM	-1	-1	0	-1	-1	-1	-1	4	4	4	4	-1	-1	-1	-1	-1	-1	0	0	-1	-1	-1	-1	-1	0	-1	0	0	-1	-1	-1	-1	-1	3	0	-1	-1	-1	-1	-1	0	1
SURF1	-1	-1	-1	-1	-1	-1	-1	-1	4	-1	-1	-1	-1	-1	-1	-1	-1	-1	-1	-1	-1	-1	-1	-1	-1	-1	-1	-1	-1	-1	-1	-1	-1	3	-1	2	4	4	-1	-1	0	4
GUSB	-1	-1	-1	-1	-1	-1	-1	-1	-1	-1	-1	-1	-1	-1	-1	-1	-1	-1	-1	-1	-1	3	-1	-1	-1	-1	-1	-1	-1	-1	-1	-1	-1	-1	-1	-1	4	-1	-1	2	0	-1
HMGB1	-1	-1	-1	-1	-1	4	-1	4	-1	4	-1	-1	-1	-1	-1	-1	-1	3	-1	-1	-1	-1	3	-1	-1	-1	-1	-1	-1	-1	-1	-1	-1	4	-1	4	-1	2	-1	-1	0	4
CSK	-1	-1	-1	-1	-1	-1	-1	-1	4	-1	-1	-1	-1	-1	-1	-1	-1	-1	-1	-1	-1	-1	-1	-1	3	-1	3	-1	3	4	-1	-1	-1	3	-1	1	4	2	5	-1	0	4
RARA	-1	4	-1	-1	-1	4	-1	4	4	0	0	4	4	-1	-1	3	-1	0	-1	-1	-1	-1	-1	3	4	4	-1	4	-1	-1	-1	-1	-1	3	-1	0	-1	-1	4	-1	0	3
PTGS1	1	4	1	-1	-1	3	-1	0	-1	-1	0	-1	-1	-1	0	3	4	-1	3	-1	0	0	0	3	4	3	3	0	-1	-1	-1	-1	-1	3	-1	2	4	4	4	-1	0	4
TRAP1	-1	-1	-1	-1	3	3	0	-1	3	-1	0	4	-1	-1	-1	3	-1	3	-1	-1	-1	-1	-1	4	3	-1	-1	1	3	-1	-1	-1	-1	4	-1	2	4	4	-1	-1	0	4
ETFB	4	3	-1	-1	4	4	-1	4	4	-1	4	4	-1	3	-1	4	-1	-1	-1	-1	-1	-1	-1	-1	-1	0	-1	-1	-1	-1	-1	-1	-1	3	5	2	4	4	-1	-1	0	3
TATDN2	4	-1	-1	-1	4	-1	-1	-1	-1	-1	-1	-1	3	-1	-1	4	-1	-1	-1	1	-1	-1	-1	3	0	1	3	-1	-1	-1	-1	-1	-1	-1	0	-1	4	-1	-1	2	-1	4
STIP1	-1	-1	-1	-1	-1	4	4	3	4	-1	-1	-1	-1	4	-1	4	-1	-1	-1	-1	0	1	0	-1	3	-1	-1	-1	-1	-1	-1	-1	-1	3	-1	0	4	4	-1	2	0	3
PSMD1	-1	-1	-1	-1	1	-1	-1	4	-1	-1	-1	-1	-1	-1	-1	-1	-1	-1	-1	-1	-1	1	-1	4	3	-1	-1	-1	-1	-1	-1	-1	-1	-1	0	-1	4	-1	-1	-1	1	4
PSMC5	-1	-1	0	-1	3	-1	-1	4	4	-1	-1	-1	-1	4	4	4	-1	3	-1	-1	-1	-1	-1	3	3	3	4	-1	-1	-1	-1	-1	-1	-1	-1	1	4	4	-1	2	-1	4
LIMK1	-1	-1	-1	-1	1	-1	4	-1	-1	-1	-1	-1	-1	4	-1	-1	-1	-1	-1	-1	-1	-1	-1	-1	4	-1	-1	-1	-1	-1	-1	-1	-1	3	1	-1	3	4	-1	-1	-1	3
PPM1F	4	3	-1	-1	4	-1	4	-1	3	4	4	-1	4	4	4	3	3	1	0	-1	3	-1	3	1	3	3	-1	0	-1	-1	-1	-1	-1	3	0	-1	4	4	4	3	4	4
AMPD2	4	-1	0	-1	-1	4	4	4	4	-1	4	-1	4	-1	-1	3	-1	-1	-1	-1	-1	-1	-1	-1	3	3	-1	-1	-1	-1	-1	-1	-1	4	0	3	-1	4	4	4	-1	-1
ITPKB	-1	-1	3	-1	1	4	4	3	3	4	4	-1	-1	-1	-1	1	-1	3	4	-1	-1	-1	-1	3	-1	3	-1	-1	-1	-1	4	-1	-1	3	0	2	4	4	-1	4	0	4
TTC3	-1	-1	0	-1	-1	4	4	3	4	4	4	-1	-1	4	4	-1	-1	3	0	-1	-1	-1	-1	3	4	4	-1	-1	-1	-1	-1	-1	-1	3	0	3	4	-1	-1	-1	-1	4
KIAA0179	-1	-1	0	4	-1	4	-1	3	3	4	-1	-1	-1	3	-1	3	3	3	-1	-1	3	-1	3	-1	3	3	3	-1	-1	-1	-1	-1	-1	3	0	-1	4	4	-1	-1	4	3
LYL1	-1	-1	3	-1	-1	0	3	3	3	3	4	-1	-1	-1	-1	3	3	3	3	-1	-1	4	4	3	3	3	4	-1	-1	-1	-1	-1	-1	3	0	-1	3	4	4	-1	-1	3
ITPK1	-1	-1	-1	-1	-1	-1	-1	4	4	4	-1	-1	4	4	-1	3	4	-1	-1	-1	-1	-1	-1	-1	-1	-1	-1	-1	-1	-1	-1	-1	-1	4	0	1	4	4	4	-1	-1	4
ADORA3	4	-1	-1	-1	4	4	3	3	4	4	4	4	4	4	3	3	3	3	-1	4	-1	4	4	1	1	1	-1	-1	-1	-1	-1	-1	-1	3	0	3	3	4	4	3	4	3
ALDH3B1	-1	-1	-1	-1	-1	-1	4	4	4	4	4	-1	4	-1	-1	-1	-1	4	-1	-1	-1	-1	-1	0	0	0	0	-1	-1	-1	-1	-1	-1	4	1	-1	4	4	-1	4	-1	4
UBL4	1	-1	-1	-1	1	4	3	3	3	-1	-1	-1	1	-1	4	-1	-1	3	-1	-1	-1	-1	-1	3	3	3	-1	-1	-1	-1	-1	-1	-1	3	-1	-1	4	-1	-1	-1	-1	3
GBAP	1	-1	-1	0	-1	4	4	3	3	-1	-1	-1	-1	3	3	3	0	3	-1	4	0	0	0	4	3	3	3	0	-1	-1	-1	-1	-1	3	0	-1	4	4	-1	2	0	3
DGKZ	-1	-1	0	-1	-1	4	4	4	4	-1	-1	-1	-1	4	4	3	-1	-1	0	-1	-1	-1	-1	1	4	0	0	-1	-1	4	-1	-1	4	3	0	2	4	4	5	-1	4	4
KHSRP	-1	-1	-1	-1	1	4	-1	-1	-1	-1	-1	-1	-1	4	-1	3	-1	-1	-1	-1	-1	-1	4	-1	4	-1	-1	-1	-1	-1	-1	-1	-1	3	-1	-1	4	4	-1	-1	0	4
FARSLA	-1	-1	-1	-1	-1	-1	4	3	3	-1	-1	-1	-1	-1	-1	-1	-1	-1	-1	-1	-1	-1	-1	3	4	-1	-1	-1	-1	-1	-1	-1	-1	3	0	2	4	4	-1	-1	-1	4
DOK1	1	-1	3	0	-1	-1	4	3	3	-1	4	-1	-1	3	3	3	1	3	3	-1	1	0	1	3	3	-1	4	0	-1	-1	3	-1	-1	3	0	1	3	4	-1	4	-1	3
M17S2	-1	-1	-1	-1	-1	-1	4	4	4	-1	-1	-1	-1	-1	-1	3	-1	-1	-1	-1	-1	-1	-1	-1	-1	0	4	-1	-1	-1	-1	-1	-1	4	0	-1	4	4	5	2	4	4
INPPL1	-1	-1	0	-1	-1	-1	4	4	4	-1	-1	-1	-1	4	-1	-1	-1	0	0	-1	0	1	1	4	4	-1	-1	-1	-1	-1	-1	-1	-1	4	0	3	4	4	-1	3	4	4
IHPK1	-1	-1	0	-1	-1	4	4	4	3	4	4	-1	-1	-1	0	-1	4	-1	-1	0	-1	-1	-1	3	3	4	4	-1	-1	-1	-1	-1	-1	3	0	-1	4	-1	-1	3	-1	4
GGA3	-1	-1	0	-1	-1	-1	-1	4	4	-1	-1	-1	-1	-1	-1	4	-1	0	0	-1	-1	1	-1	-1	3	-1	3	-1	-1	-1	-1	-1	-1	3	0	1	4	-1	-1	-1	-1	-1
SNRP70	-1	-1	0	-1	-1	-1	-1	-1	-1	-1	-1	-1	-1	-1	-1	3	-1	0	0	-1	-1	-1	-1	-1	-1	-1	-1	-1	-1	-1	-1	-1	-1	3	0	-1	4	4	-1	-1	-1	-1
IMPDH1	-1	-1	4	-1	-1	-1	4	-1	4	-1	-1	-1	-1	3	-1	-1	-1	-1	4	-1	-1	-1	-1	-1	-1	-1	-1	-1	-1	-1	-1	-1	-1	-1	0	-1	4	4	-1	4	0	-1
BIN1	3	1	-1	4	3	-1	0	4	4	0	0	-1	3	3	4	1	4	0	-1	-1	-1	-1	-1	0	3	1	0	3	-1	-1	1	-1	-1	1	0	-1	4	-1	5	4	4	4
ARD1	-1	-1	-1	-1	-1	4	-1	4	-1	-1	-1	4	-1	-1	-1	1	-1	0	-1	-1	-1	-1	-1	-1	4	-1	-1	-1	-1	-1	-1	-1	-1	3	0	0	4	4	5	3	-1	4
USP5	-1	-1	-1	-1	-1	-1	4	-1	-1	-1	-1	-1	-1	-1	-1	4	-1	-1	-1	-1	-1	4	-1	-1	-1	-1	-1	-1	-1	-1	-1	-1	-1	4	0	1	4	-1	-1	-1	-1	4
PMVK	-1	-1	-1	-1	0	4	4	3	4	4	4	-1	0	3	3	4	4	-1	-1	0	-1	-1	-1	3	-1	4	0	3	-1	-1	-1	-1	-1	0	0	0	4	-1	-1	-1	4	4
PMPCA	1	3	1	3	-1	4	0	-1	4	0	0	0	-1	-1	3	-1	3	0	-1	-1	3	-1	-1	-1	0	0	0	1	-1	-1	-1	-1	-1	4	0	-1	-1	-1	-1	4	-1	3
ERCC5	-1	-1	0	-1	-1	3	4	3	4	4	4	-1	-1	4	3	4	-1	-1	4	-1	4	-1	-1	0	1	-1	-1	-1	-1	-1	-1	-1	-1	4	1	3	4	-1	-1	-1	1	-1
CDC25B	-1	-1	0	-1	-1	-1	-1	4	-1	-1	0	-1	-1	-1	-1	-1	3	0	0	-1	-1	-1	-1	3	-1	-1	-1	-1	-1	-1	-1	-1	-1	4	0	-1	4	2	-1	2	-1	-1
BRD3	-1	-1	-1	-1	-1	-1	-1	-1	-1	4	-1	-1	-1	1	-1	-1	3	-1	-1	-1	3	3	4	-1	3	-1	0	-1	-1	-1	-1	-1	-1	4	0	-1	4	4	4	3	4	4
SULT1A3	-1	4	0	4	-1	-1	-1	4	-1	-1	-1	-1	-1	3	4	3	3	4	-1	3	3	-1	3	-1	3	4	0	-1	-1	-1	-1	-1	-1	4	1	2	4	-1	-1	-1	4	4
IMPDH2	4	-1	-1	-1	-1	4	-1	3	4	-1	-1	-1	4	-1	-1	1	4	-1	-1	-1	3	-1	3	0	1	0	1	1	-1	-1	-1	-1	-1	3	0	-1	4	-1	4	-1	-1	4
FKBP4	-1	-1	-1	-1	-1	-1	4	4	-1	4	-1	-1	4	-1	-1	1	-1	-1	3	-1	-1	-1	-1	-1	0	0	0	-1	-1	-1	-1	-1	-1	-1	0	2	4	-1	-1	-1	-1	-1
TTC1	-1	-1	-1	-1	-1	-1	-1	-1	-1	-1	-1	-1	-1	-1	-1	-1	-1	-1	-1	-1	-1	-1	-1	-1	0	1	0	-1	-1	-1	-1	-1	-1	-1	1	-1	-1	-1	-1	-1	-1	-1
RPS26	-1	-1	-1	-1	-1	-1	-1	-1	-1	-1	-1	-1	-1	4	-1	-1	-1	-1	-1	-1	-1	-1	-1	0	0	0	0	1	-1	-1	-1	-1	-1	4	1	-1	4	-1	-1	3	4	-1
BAD	-1	-1	-1	-1	-1	-1	-1	-1	-1	-1	-1	-1	-1	-1	-1	-1	-1	-1	-1	-1	-1	-1	-1	1	0	-1	0	4	-1	-1	-1	-1	-1	-1	1	-1	-1	-1	-1	4	-1	-1
SMAD2	-1	-1	-1	-1	4	4	-1	-1	-1	-1	-1	-1	-1	-1	-1	-1	-1	-1	-1	-1	-1	-1	-1	0	1	0	0	1	-1	-1	-1	-1	-1	-1	-1	4	-1	-1	-1	-1	0	4
SUMO3	-1	-1	3	-1	-1	3	4	4	4	3	4	4	-1	-1	-1	3	-1	3	-1	-1	-1	-1	-1	0	0	0	0	1	-1	-1	-1	-1	-1	-1	-1	4	4	-1	-1	2	-1	4
CLPP	-1	-1	3	-1	-1	4	4	3	4	-1	4	4	-1	3	-1	-1	-1	-1	4	-1	-1	-1	-1	0	0	0	0	0	-1	-1	-1	-1	-1	4	1	-1	-1	4	-1	-1	4	4
SERPINB6	-1	-1	-1	-1	-1	-1	-1	4	4	-1	-1	-1	-1	-1	-1	-1	-1	4	-1	-1	-1	-1	1	-1	-1	1	-1	-1	-1	-1	-1	-1	-1	-1	-1	-1	2	-1	-1	2	0	-1
DDT	-1	-1	-1	-1	-1	-1	-1	-1	-1	-1	-1	-1	-1	-1	-1	3	-1	-1	-1	-1	-1	-1	-1	-1	1	1	-1	1	-1	-1	-1	-1	-1	4	-1	-1	-1	-1	4	2	0	-1
ATP5D	-1	-1	3	-1	-1	-1	-1	4	4	-1	-1	-1	-1	-1	-1	-1	-1	3	-1	-1	-1	-1	-1	0	0	0	0	1	-1	-1	-1	-1	-1	4	-1	2	4	-1	5	-1	-1	4
EEF1D	1	-1	-1	0	0	-1	-1	-1	4	-1	0	-1	1	-1	0	-1	0	3	-1	-1	0	0	0	-1	0	1	0	0	-1	-1	-1	-1	-1	3	-1	-1	-1	4	-1	-1	0	3
CDC37	-1	-1	-1	-1	-1	-1	-1	-1	-1	-1	-1	-1	-1	-1	-1	3	-1	-1	-1	-1	-1	1	1	0	0	0	0	1	-1	-1	-1	-1	-1	-1	-1	-1	0	0	-1	0	0	-1
UBA52	-1	-1	-1	-1	4	-1	0	-1	-1	-1	1	-1	-1	-1	-1	3	-1	-1	-1	-1	-1	-1	-1	1	1	0	0	-1	-1	-1	-1	-1	-1	-1	5	0	2	2	-1	-1	0	-1
JUND	-1	-1	-1	-1	-1	-1	0	-1	-1	1	1	-1	-1	-1	-1	-1	-1	-1	-1	-1	-1	-1	1	0	1	0	0	-1	-1	-1	-1	-1	-1	4	-1	0	-1	2	-1	-1	0	4
RPL13	-1	-1	3	-1	-1	-1	-1	-1	-1	-1	-1	-1	-1	-1	-1	3	-1	-1	3	-1	-1	-1	-1	0	0	0	0	1	-1	-1	-1	-1	-1	3	0	0	4	4	5	-1	4	4
ARPC2	-1	-1	-1	-1	-1	-1	-1	-1	-1	-1	-1	-1	-1	-1	-1	-1	-1	-1	-1	-1	-1	-1	-1	0	0	0	0	-1	-1	-1	-1	-1	-1	-1	-1	1	2	-1	-1	-1	0	-1
RPL39	-1	-1	-1	-1	-1	-1	0	-1	-1	-1	1	-1	-1	-1	-1	3	-1	-1	-1	-1	-1	-1	-1	0	0	0	0	-1	-1	-1	-1	-1	-1	3	-1	0	2	2	-1	-1	0	-1
PRSS15	1	-1	-1	-1	-1	-1	3	3	4	3	-1	-1	1	-1	-1	4	-1	3	-1	-1	3	-1	-1	0	1	0	0	0	-1	-1	-1	-1	-1	3	0	-1	4	4	-1	2	0	-1
CD68	-1	-1	-1	-1	-1	-1	-1	3	-1	-1	-1	-1	-1	-1	-1	3	0	-1	-1	1	-1	1	1	1	-1	0	0	0	-1	3	-1	-1	-1	3	-1	1	-1	-1	-1	0	0	4
DGCR2	-1	1	3	-1	-1	0	-1	-1	-1	-1	0	0	-1	-1	1	4	-1	4	-1	-1	-1	-1	-1	1	1	0	0	0	-1	-1	-1	-1	-1	-1	1	2	5	0	5	-1	-1	-1
MRPL28	-1	-1	-1	-1	-1	-1	-1	-1	-1	-1	-1	-1	-1	-1	-1	-1	-1	-1	-1	-1	-1	-1	-1	0	0	0	-1	-1	-1	-1	-1	-1	-1	3	0	0	4	4	-1	-1	-1	-1
GSK3A	-1	-1	-1	-1	-1	-1	-1	-1	-1	-1	-1	-1	-1	-1	-1	-1	-1	-1	-1	-1	-1	-1	-1	-1	0	1	0	-1	-1	-1	-1	-1	-1	-1	0	1	-1	4	-1	2	-1	4
YAF2	-1	-1	0	-1	0	-1	0	-1	-1	-1	1	-1	-1	1	-1	3	-1	-1	-1	0	-1	-1	1	-1	-1	0	0	3	-1	-1	1	-1	-1	4	0	-1	4	4	-1	4	4	-1
STX5A	-1	-1	-1	-1	-1	-1	0	-1	-1	1	0	-1	-1	-1	-1	3	-1	-1	-1	-1	-1	-1	-1	0	-1	0	0	1	-1	-1	-1	-1	-1	3	0	2	0	4	1	2	0	-1
MAP3K11	-1	-1	0	0	-1	-1	-1	3	-1	0	0	-1	-1	-1	-1	3	-1	0	0	-1	0	1	0	3	3	1	0	-1	3	-1	3	-1	-1	3	0	1	-1	4	-1	-1	0	4
USF2	-1	-1	-1	-1	-1	-1	4	-1	4	-1	-1	-1	-1	-1	-1	-1	-1	-1	-1	-1	-1	-1	-1	-1	-1	-1	-1	-1	-1	-1	-1	-1	-1	-1	-1	-1	4	-1	-1	-1	-1	4
AGPAT2	-1	-1	-1	-1	3	-1	4	-1	4	4	4	-1	-1	-1	-1	-1	-1	-1	-1	-1	-1	-1	-1	1	0	0	-1	-1	-1	-1	-1	-1	-1	4	0	0	4	4	-1	4	-1	4
UCP2	-1	-1	-1	-1	4	4	4	4	4	4	4	-1	-1	-1	-1	3	-1	4	4	-1	-1	-1	-1	0	1	1	0	1	-1	4	-1	-1	-1	4	5	-1	4	5	-1	-1	0	4
MAP4K1	-1	-1	0	3	-1	-1	0	4	4	0	-1	-1	-1	0	1	1	-1	0	-1	0	-1	-1	-1	1	0	0	0	1	-1	-1	-1	-1	-1	-1	-1	4	-1	-1	4	-1	-1	4
MAP2K2	-1	-1	-1	-1	3	4	-1	-1	4	-1	-1	-1	-1	0	-1	-1	4	3	-1	-1	-1	-1	-1	0	4	3	-1	-1	-1	0	-1	-1	-1	-1	1	2	-1	-1	-1	1	-1	-1
RBM10	-1	-1	0	0	-1	-1	-1	4	-1	-1	-1	-1	-1	-1	-1	-1	0	-1	-1	-1	-1	0	-1	-1	0	1	0	1	-1	-1	-1	-1	-1	-1	-1	-1	-1	-1	-1	2	-1	1
GCN1L1	4	-1	0	0	4	-1	3	3	1	4	3	-1	4	3	-1	3	0	0	-1	-1	0	0	1	0	0	0	4	-1	-1	-1	-1	-1	-1	4	0	1	-1	-1	0	4	-1	-1
IRF3	3	-1	0	0	4	-1	4	3	4	4	-1	4	3	3	3	3	0	-1	-1	3	0	0	0	3	4	3	4	-1	-1	0	-1	-1	3	4	0	3	4	-1	-1	2	4	-1
MVD	1	3	0	-1	-1	3	4	3	-1	0	0	3	-1	3	3	1	0	0	0	3	-1	-1	-1	4	4	-1	0	-1	-1	-1	-1	-1	-1	-1	-1	1	4	0	0	2	3	4
PMS2L8	4	-1	0	-1	3	4	-1	4	-1	-1	0	4	4	3	3	3	0	0	0	3	-1	0	0	-1	4	0	0	-1	-1	-1	-1	-1	-1	-1	1	1	-1	0	-1	-1	-1	-1
TERT	-1	0	-1	0	-1	1	3	-1	0	3	4	0	-1	0	4	0	-1	3	3	0	0	1	1	-1	-1	-1	-1	-1	-1	-1	-1	-1	-1	-1	-1	-1	1	-1	-1	-1	-1	-1
RPP38	-1	-1	3	-1	1	-1	3	-1	-1	4	-1	-1	-1	-1	-1	4	-1	-1	-1	-1	-1	-1	-1	-1	-1	-1	-1	-1	-1	-1	-1	-1	-1	3	-1	-1	-1	-1	2	-1	0	1
TP53BP1	3	-1	-1	-1	-1	-1	3	-1	3	-1	-1	-1	-1	-1	3	-1	4	0	-1	3	-1	-1	4	3	1	3	3	-1	-1	-1	-1	-1	-1	3	1	-1	-1	-1	-1	-1	0	-1
KIAA0317	-1	-1	-1	-1	1	-1	-1	3	-1	3	3	-1	-1	-1	-1	-1	-1	-1	-1	-1	-1	-1	4	3	3	3	3	4	-1	-1	-1	-1	-1	3	0	4	-1	-1	-1	-1	0	1
CTBS	-1	-1	-1	-1	-1	3	3	-1	-1	-1	4	-1	-1	3	-1	0	-1	-1	3	-1	-1	-1	-1	4	-1	-1	-1	-1	-1	-1	-1	-1	-1	3	0	3	0	-1	-1	-1	0	-1
SPINT2	3	3	3	-1	-1	3	4	4	4	4	4	3	4	0	0	3	-1	3	-1	0	-1	-1	0	3	3	3	3	3	-1	1	-1	0	-1	-1	4	-1	-1	0	-1	2	-1	-1
H1FX	-1	-1	3	-1	1	-1	-1	4	3	-1	-1	-1	1	-1	-1	1	1	3	3	-1	-1	-1	1	3	4	3	3	4	-1	-1	-1	-1	-1	4	0	4	-1	-1	2	-1	-1	-1
PRG2	-1	4	3	0	-1	3	0	1	0	0	0	-1	-1	-1	-1	-1	0	1	0	-1	0	0	-1	3	3	3	3	4	-1	-1	-1	-1	-1	-1	-1	-1	-1	2	-1	2	-1	-1
ALDH2	-1	-1	-1	0	-1	-1	-1	-1	4	-1	-1	4	-1	-1	-1	-1	0	-1	-1	3	0	0	0	3	3	3	3	-1	-1	3	-1	3	3	4	4	4	2	-1	2	2	-1	4
ALDH1A1	-1	-1	3	-1	-1	-1	4	4	4	4	4	-1	-1	-1	-1	-1	-1	3	3	-1	-1	-1	0	3	-1	3	3	4	-1	-1	-1	-1	-1	-1	4	-1	1	1	-1	1	1	-1
SLC2A3	3	0	-1	1	0	0	4	-1	-1	1	-1	1	1	-1	4	-1	-1	-1	-1	3	0	0	1	3	3	3	3	3	-1	1	1	1	1	4	-1	-1	0	0	-1	1	0	1
SHC3	1	0	-1	0	0	0	4	-1	-1	3	4	0	1	0	0	0	0	3	-1	-1	-1	0	1	3	0	3	3	3	-1	-1	-1	-1	-1	0	0	3	0	-1	-1	-1	-1	-1
RGS2	-1	4	4	0	-1	-1	-1	0	1	-1	4	1	-1	1	0	0	0	3	3	0	1	0	0	1	-1	-1	-1	1	-1	-1	-1	-1	-1	0	3	3	0	1	-1	0	3	0
CEBPD	-1	-1	3	0	-1	0	3	4	-1	4	4	1	1	0	0	1	0	3	3	-1	0	0	1	-1	3	3	3	-1	-1	-1	-1	-1	-1	4	-1	3	0	1	1	0	1	1
IRAK1	-1	-1	0	-1	-1	-1	0	4	-1	-1	-1	-1	-1	-1	-1	4	-1	0	0	-1	-1	-1	-1	3	3	3	-1	-1	-1	-1	-1	-1	-1	3	0	-1	-1	0	-1	1	1	-1
PRRX1	-1	-1	0	-1	-1	4	3	-1	-1	-1	-1	-1	-1	4	-1	4	-1	-1	0	-1	0	-1	-1	3	3	3	3	4	-1	-1	-1	-1	-1	3	-1	-1	4	-1	-1	2	0	3
HSF1	0	-1	0	-1	4	4	0	-1	4	-1	0	-1	-1	0	3	4	-1	-1	-1	-1	-1	-1	-1	3	3	3	4	-1	-1	-1	-1	-1	-1	3	-1	3	4	4	4	-1	0	-1
POLRMT	1	3	1	-1	-1	4	-1	3	4	0	0	3	-1	0	-1	4	0	-1	0	1	0	0	0	3	3	-1	3	-1	-1	-1	-1	-1	-1	3	1	-1	4	4	-1	-1	0	3
BAT1	-1	-1	0	-1	-1	-1	-1	-1	-1	-1	-1	-1	-1	-1	-1	-1	-1	0	0	-1	-1	-1	-1	-1	-1	4	-1	-1	-1	-1	-1	-1	-1	-1	5	-1	-1	-1	-1	2	-1	-1
TIAF1	-1	3	0	0	4	1	-1	-1	-1	1	-1	3	4	-1	0	0	-1	3	-1	-1	0	0	0	3	3	3	3	3	-1	-1	-1	-1	-1	4	1	3	-1	4	-1	0	-1	-1
NFYC	-1	-1	0	0	-1	-1	-1	-1	-1	-1	-1	-1	-1	-1	-1	4	-1	-1	-1	-1	-1	-1	-1	-1	-1	-1	-1	-1	-1	-1	-1	-1	-1	3	-1	-1	-1	2	-1	-1	-1	-1
TFDP2	-1	-1	-1	-1	-1	-1	-1	-1	-1	-1	-1	-1	-1	-1	-1	-1	-1	-1	-1	-1	-1	-1	-1	-1	-1	-1	-1	-1	-1	-1	0	-1	1	-1	-1	-1	-1	-1	-1	-1	-1	-1
CTTN	-1	-1	0	-1	4	-1	3	-1	-1	1	3	-1	1	3	-1	4	-1	3	-1	-1	-1	-1	-1	3	3	3	3	3	-1	-1	-1	-1	-1	1	-1	1	2	-1	2	-1	-1	-1
RBM5	-1	-1	0	-1	-1	3	3	0	1	-1	4	-1	-1	3	4	0	-1	-1	0	4	-1	-1	-1	3	3	3	3	3	-1	-1	3	-1	-1	4	-1	1	1	-1	2	-1	-1	-1
SULT1C1	-1	-1	0	-1	-1	-1	-1	-1	-1	-1	4	-1	-1	-1	-1	-1	-1	0	0	-1	-1	-1	0	4	4	3	3	3	-1	-1	-1	-1	-1	1	-1	-1	-1	-1	-1	-1	-1	1
GALNS	-1	-1	0	-1	-1	-1	3	-1	1	1	-1	-1	-1	-1	-1	-1	-1	0	0	-1	-1	-1	-1	3	-1	3	3	-1	-1	-1	-1	-1	-1	3	-1	3	-1	-1	0	-1	0	4
CCND2	-1	-1	-1	-1	-1	4	1	1	-1	-1	-1	-1	4	4	4	0	-1	1	1	-1	-1	-1	-1	3	3	3	3	3	-1	-1	-1	-1	-1	-1	0	-1	-1	-1	-1	-1	0	-1
CA2	-1	-1	3	-1	-1	4	3	1	1	-1	4	4	-1	4	4	4	-1	4	3	-1	-1	-1	0	3	3	3	3	3	-1	-1	-1	-1	-1	-1	-1	3	0	1	0	-1	-1	-1
BRRN1	-1	-1	-1	0	-1	4	3	-1	0	3	0	4	4	4	4	0	-1	1	-1	-1	0	1	0	3	3	3	3	3	-1	-1	-1	-1	-1	3	-1	3	4	1	-1	-1	0	4
ST5	-1	-1	1	-1	3	-1	1	-1	-1	-1	-1	-1	4	4	3	-1	-1	1	0	3	-1	0	-1	-1	-1	-1	-1	1	-1	-1	3	-1	0	0	-1	3	-1	4	-1	-1	-1	1
MAN2C1	-1	4	0	-1	-1	-1	4	-1	3	4	3	4	-1	4	-1	3	0	4	-1	4	1	0	0	3	3	3	4	3	-1	-1	-1	-1	-1	4	1	1	-1	-1	0	-1	-1	1
ADARB1	-1	-1	0	0	-1	-1	-1	-1	-1	-1	-1	-1	-1	4	4	-1	-1	0	0	3	-1	1	0	3	3	3	4	-1	-1	-1	-1	-1	-1	1	-1	-1	1	-1	5	-1	-1	1
CYP51A1	-1	-1	-1	-1	-1	-1	3	-1	1	-1	-1	-1	-1	-1	4	4	-1	-1	-1	-1	-1	-1	0	3	3	3	-1	-1	-1	-1	-1	-1	-1	3	0	-1	-1	5	1	1	0	-1
DLST	-1	-1	-1	0	-1	-1	-1	-1	-1	-1	-1	-1	-1	-1	-1	-1	-1	-1	-1	-1	-1	1	0	3	3	3	3	4	-1	-1	-1	-1	-1	4	0	-1	4	-1	1	3	1	1
NUMB	-1	-1	0	-1	-1	-1	-1	-1	-1	1	1	-1	-1	-1	-1	-1	-1	-1	0	-1	-1	-1	0	3	3	3	4	-1	-1	-1	-1	-1	-1	3	-1	3	0	-1	-1	1	1	-1
PPIC	-1	-1	-1	-1	1	-1	-1	-1	-1	-1	-1	-1	-1	3	-1	-1	-1	0	-1	-1	-1	-1	0	3	3	3	3	4	-1	-1	-1	-1	-1	-1	-1	2	-1	-1	-1	-1	-1	-1
PDLIM4	-1	-1	-1	0	-1	-1	-1	-1	-1	-1	-1	-1	-1	0	0	0	1	-1	-1	0	0	1	0	3	4	-1	3	0	-1	-1	-1	-1	-1	4	-1	3	5	4	-1	-1	1	1
SNTB2	1	-1	0	-1	1	-1	3	-1	-1	-1	3	0	-1	0	1	4	4	4	4	0	-1	-1	-1	3	3	3	3	-1	-1	-1	-1	-1	-1	1	-1	2	-1	1	5	-1	-1	4
PMP22	1	4	-1	0	0	-1	4	3	-1	-1	-1	4	1	4	4	-1	-1	3	4	-1	-1	0	-1	3	3	3	3	0	-1	-1	-1	-1	-1	-1	0	4	0	0	0	1	0	1
PPARD	1	-1	-1	-1	1	-1	4	-1	3	-1	-1	-1	1	4	3	-1	-1	3	0	-1	-1	-1	3	3	3	3	3	-1	-1	-1	-1	-1	-1	-1	0	3	1	4	0	1	0	-1
EPS8	1	-1	-1	-1	0	4	-1	-1	-1	-1	-1	4	-1	4	4	-1	4	-1	-1	-1	-1	-1	0	3	3	3	3	3	-1	-1	-1	-1	-1	0	-1	3	-1	2	-1	-1	4	-1
GIT2	-1	-1	4	-1	-1	-1	4	-1	-1	4	3	-1	-1	-1	-1	-1	-1	4	4	-1	-1	-1	-1	0	-1	-1	0	-1	-1	-1	-1	-1	-1	3	-1	3	-1	-1	-1	-1	-1	-1
P4HA1	-1	4	4	-1	-1	-1	4	4	4	-1	-1	-1	-1	-1	-1	-1	-1	3	4	-1	-1	-1	3	3	4	-1	-1	3	-1	-1	-1	-1	-1	4	-1	3	2	4	-1	1	0	-1
NEFH	-1	-1	0	-1	-1	4	-1	-1	-1	-1	-1	-1	4	3	4	4	-1	-1	-1	4	-1	-1	-1	-1	0	-1	-1	-1	-1	-1	-1	-1	-1	-1	-1	3	0	-1	-1	-1	-1	-1
IGBP1	-1	-1	-1	-1	-1	3	-1	4	-1	-1	-1	-1	-1	-1	-1	-1	-1	4	-1	-1	-1	-1	-1	-1	3	4	-1	-1	-1	-1	-1	-1	-1	3	4	3	4	-1	-1	-1	4	-1
NUCB2	-1	-1	4	1	-1	-1	-1	4	-1	-1	4	3	-1	3	-1	4	-1	-1	0	4	3	-1	-1	3	-1	3	3	-1	-1	-1	-1	-1	-1	0	-1	3	-1	2	-1	-1	3	-1
MRE11A	-1	-1	0	3	-1	-1	-1	-1	-1	-1	4	-1	-1	3	-1	0	4	-1	0	-1	3	-1	3	-1	-1	-1	-1	-1	-1	-1	3	-1	-1	1	-1	3	-1	2	-1	-1	-1	-1
COX7A2	-1	-1	3	-1	-1	-1	-1	-1	-1	-1	-1	-1	-1	-1	-1	-1	-1	3	3	-1	-1	-1	-1	-1	-1	3	-1	-1	-1	-1	-1	-1	-1	4	3	2	-1	-1	-1	0	-1	-1
TPMT	-1	-1	-1	-1	-1	-1	4	-1	4	-1	3	-1	-1	-1	-1	4	-1	-1	-1	-1	-1	-1	-1	3	3	4	-1	4	-1	-1	-1	-1	-1	0	-1	-1	2	-1	-1	-1	-1	-1
MYO1C	-1	-1	-1	-1	-1	-1	-1	-1	-1	-1	-1	-1	-1	-1	-1	4	-1	3	-1	-1	-1	-1	-1	3	3	-1	4	4	-1	3	-1	-1	4	-1	5	-1	-1	1	-1	1	1	4
OMP	-1	-1	-1	-1	4	-1	0	3	4	-1	1	-1	-1	3	-1	-1	4	3	-1	-1	-1	3	4	3	-1	3	-1	3	-1	-1	-1	-1	-1	-1	3	0	-1	-1	-1	-1	1	-1
FN1	-1	-1	-1	-1	-1	-1	-1	-1	-1	-1	-1	-1	-1	4	-1	4	-1	-1	-1	-1	-1	-1	3	3	3	3	3	4	3	3	4	4	3	-1	3	-1	-1	1	1	1	0	1
CAMK1	-1	-1	0	-1	-1	-1	-1	-1	-1	0	-1	-1	-1	-1	-1	0	-1	-1	-1	-1	-1	-1	-1	-1	-1	-1	-1	0	0	-1	-1	-1	-1	4	1	-1	4	4	5	0	-1	4
CAMK2G	-1	-1	-1	-1	-1	-1	4	-1	-1	-1	-1	-1	-1	-1	-1	-1	-1	-1	4	-1	-1	-1	-1	-1	3	1	4	-1	-1	3	-1	-1	4	-1	-1	3	-1	4	4	-1	-1	-1
DECR1	-1	-1	-1	-1	0	-1	-1	-1	3	-1	4	-1	-1	-1	-1	4	-1	-1	-1	-1	-1	-1	-1	0	-1	-1	0	0	-1	-1	-1	-1	-1	4	4	3	2	-1	1	-1	-1	-1
ESD	-1	-1	-1	-1	-1	-1	-1	-1	-1	-1	-1	-1	-1	-1	-1	-1	-1	-1	-1	-1	-1	-1	-1	-1	-1	3	-1	-1	-1	-1	-1	-1	-1	-1	5	-1	-1	-1	-1	0	-1	-1
CYC1	3	3	-1	0	-1	4	4	4	3	-1	-1	3	-1	-1	-1	4	0	3	4	-1	0	0	0	3	3	3	3	-1	-1	-1	-1	-1	-1	0	0	3	-1	-1	4	0	0	4
GSS	1	-1	-1	0	1	-1	3	-1	-1	3	4	-1	1	4	4	-1	0	3	4	-1	0	0	0	-1	3	4	-1	4	-1	-1	-1	-1	-1	-1	-1	-1	-1	1	-1	-1	-1	-1
DYRK4	-1	-1	-1	0	-1	4	4	4	4	4	4	4	-1	-1	-1	-1	0	4	-1	0	0	0	0	3	3	3	-1	3	-1	-1	3	-1	-1	3	-1	3	-1	-1	-1	-1	0	1
ACAT1	-1	-1	-1	0	-1	-1	4	-1	-1	4	4	-1	-1	3	-1	3	0	-1	4	-1	0	0	0	3	3	3	3	4	-1	-1	-1	-1	-1	3	0	3	4	-1	0	3	-1	-1
CHES1	-1	-1	0	0	4	3	4	3	4	-1	4	3	-1	3	4	4	1	-1	-1	-1	0	0	0	-1	1	0	1	1	-1	-1	-1	-1	-1	-1	-1	-1	4	-1	-1	-1	-1	4
C12ORF8	-1	-1	3	0	-1	4	3	4	3	4	3	-1	-1	-1	-1	0	0	3	-1	0	0	0	0	1	0	0	0	0	-1	-1	-1	-1	-1	0	3	-1	2	1	2	-1	3	-1
PKN1	-1	-1	-1	0	-1	-1	3	3	3	3	3	-1	-1	4	4	0	-1	-1	4	1	0	0	0	-1	0	0	-1	3	-1	-1	-1	-1	-1	4	3	-1	4	-1	-1	-1	-1	4
TNFRSF1A	1	-1	-1	0	0	-1	3	3	3	4	4	3	1	-1	-1	3	1	3	4	3	0	0	0	-1	3	3	3	-1	3	0	-1	-1	-1	3	5	3	-1	4	3	-1	1	-1
CPT2	-1	-1	0	0	1	-1	3	3	3	-1	4	-1	-1	-1	-1	4	1	-1	-1	-1	0	0	0	4	3	3	3	-1	-1	-1	-1	-1	-1	3	3	3	4	-1	1	-1	0	1
COASY	0	3	0	0	1	-1	4	3	3	4	4	-1	-1	3	1	0	1	-1	0	3	0	0	0	3	3	3	3	4	-1	-1	-1	-1	-1	3	-1	-1	-1	-1	1	-1	3	1
TOB1	1	-1	0	0	0	4	-1	3	4	0	-1	-1	-1	4	-1	4	-1	0	-1	0	0	0	0	3	3	3	-1	0	-1	-1	-1	-1	-1	1	-1	4	3	-1	4	0	-1	3
GOT2	-1	-1	3	-1	-1	4	4	3	3	4	4	-1	4	4	-1	4	-1	3	3	-1	-1	0	0	3	3	3	3	-1	-1	-1	-1	-1	-1	4	0	3	-1	-1	-1	2	-1	3
GALE	4	-1	-1	-1	-1	4	4	4	4	-1	-1	-1	4	-1	-1	4	-1	3	-1	-1	-1	-1	-1	3	3	3	3	-1	-1	-1	-1	-1	-1	4	-1	3	4	4	1	-1	-1	-1
SSRP1	-1	-1	-1	-1	-1	-1	-1	4	4	-1	4	-1	-1	3	4	-1	1	3	4	-1	0	0	1	3	3	3	3	4	-1	-1	-1	-1	-1	4	1	2	5	-1	-1	4	-1	4
PPIB	4	-1	3	-1	-1	-1	3	3	3	-1	4	-1	-1	-1	-1	0	1	3	3	-1	-1	-1	-1	3	3	3	3	-1	-1	-1	-1	-1	-1	-1	0	1	0	0	-1	0	1	3
DDX1	-1	-1	-1	-1	-1	-1	-1	4	-1	4	4	-1	-1	-1	-1	-1	-1	3	-1	-1	-1	-1	-1	3	3	3	3	-1	-1	-1	-1	-1	-1	-1	-1	1	4	4	0	-1	3	-1
SNRPD3	-1	-1	-1	-1	-1	-1	3	4	3	4	4	-1	-1	4	-1	-1	-1	-1	-1	-1	-1	-1	-1	3	3	3	3	4	-1	-1	-1	-1	-1	0	-1	-1	-1	-1	0	0	3	3
DHX9	4	-1	-1	-1	-1	-1	4	3	3	4	4	-1	-1	4	-1	0	-1	-1	-1	0	-1	-1	-1	3	3	3	4	4	-1	-1	-1	-1	-1	0	-1	-1	-1	2	-1	2	-1	-1
EXOSC7	1	-1	4	0	-1	4	3	4	3	4	4	-1	-1	4	4	-1	1	4	3	-1	1	-1	1	3	3	3	3	0	-1	-1	-1	-1	-1	-1	-1	-1	-1	2	2	-1	-1	-1
NMT1	-1	-1	-1	0	-1	-1	4	3	3	-1	4	-1	3	-1	-1	-1	0	-1	-1	-1	0	0	0	3	3	3	3	-1	-1	-1	-1	-1	-1	4	-1	-1	2	-1	1	0	-1	-1
THRAP4	-1	-1	0	-1	-1	3	-1	4	-1	-1	-1	-1	3	3	-1	0	3	3	4	-1	-1	-1	-1	3	-1	3	-1	4	-1	-1	4	-1	0	-1	0	-1	4	-1	-1	2	-1	-1
NAP1L4	4	-1	-1	0	3	4	-1	-1	3	-1	-1	-1	3	3	4	-1	0	3	-1	-1	0	0	0	3	4	3	3	-1	-1	-1	-1	-1	-1	-1	3	3	-1	-1	0	0	1	-1
SUPT5H	-1	-1	-1	-1	4	-1	-1	-1	3	-1	4	-1	-1	3	3	0	-1	-1	-1	-1	0	-1	1	3	3	3	3	3	1	-1	-1	-1	-1	0	-1	3	-1	0	-1	1	-1	4
HSPH1	1	-1	3	-1	0	-1	4	4	4	-1	4	-1	1	-1	-1	1	-1	3	4	3	-1	-1	-1	4	4	3	4	3	0	-1	-1	-1	-1	3	5	-1	4	-1	-1	-1	4	4
SNX17	1	-1	0	0	1	4	-1	1	-1	0	3	4	1	-1	1	0	-1	0	4	1	0	0	0	3	3	3	3	-1	-1	-1	-1	-1	-1	-1	-1	3	-1	-1	-1	-1	0	-1
MBTPS1	-1	-1	-1	1	3	4	-1	3	3	-1	3	-1	4	4	4	0	4	0	-1	3	0	0	0	3	-1	3	3	4	-1	-1	-1	-1	-1	3	-1	3	-1	0	-1	-1	0	4
CTBP1	1	-1	0	0	1	-1	3	4	3	-1	-1	4	-1	0	0	-1	-1	3	-1	0	0	0	0	-1	1	3	3	1	-1	-1	-1	-1	-1	-1	1	3	-1	4	-1	0	-1	4
BTF3L3	-1	-1	-1	0	-1	-1	-1	3	3	-1	4	-1	-1	-1	0	3	-1	3	4	-1	-1	-1	-1	-1	-1	1	0	0	-1	-1	-1	-1	-1	0	-1	3	-1	1	-1	-1	-1	-1
ERCC3	-1	4	-1	0	1	-1	3	4	3	3	4	4	1	-1	-1	4	-1	3	0	-1	-1	0	0	-1	-1	-1	-1	0	-1	-1	-1	-1	-1	3	-1	3	4	-1	4	-1	3	-1
THOC1	-1	-1	0	0	-1	-1	4	4	3	4	4	-1	-1	-1	-1	4	-1	3	-1	1	-1	0	1	-1	-1	1	-1	-1	-1	-1	-1	-1	-1	-1	-1	3	-1	-1	-1	-1	-1	-1
KIAA0252	1	-1	-1	1	1	4	-1	0	-1	0	-1	-1	1	-1	-1	4	0	3	-1	1	-1	0	0	-1	-1	1	-1	0	-1	-1	-1	-1	-1	-1	-1	3	-1	-1	-1	-1	-1	-1
SNX19	-1	3	4	1	-1	3	3	0	1	4	4	4	-1	3	3	4	-1	3	-1	3	-1	-1	0	-1	1	0	4	-1	-1	-1	-1	-1	-1	0	-1	3	-1	5	1	-1	3	-1
ICT1	-1	-1	3	-1	1	-1	4	4	4	4	4	-1	-1	-1	-1	3	3	3	4	-1	-1	-1	-1	-1	4	4	-1	-1	-1	-1	-1	-1	-1	-1	-1	3	4	4	-1	-1	4	4
PIGH	-1	-1	-1	-1	-1	-1	4	3	3	4	4	-1	-1	-1	-1	4	4	3	-1	-1	3	-1	-1	-1	-1	1	-1	-1	-1	-1	-1	-1	-1	-1	-1	3	-1	-1	-1	-1	-1	-1
LSM1	-1	-1	-1	-1	-1	-1	4	3	3	-1	4	-1	3	-1	-1	4	3	3	-1	1	3	-1	-1	3	3	3	3	-1	-1	-1	-1	-1	-1	1	3	3	4	-1	0	0	4	1
EIF2S1	-1	-1	3	-1	-1	-1	-1	4	3	3	-1	-1	-1	-1	1	4	-1	3	-1	-1	-1	-1	-1	-1	4	4	3	-1	-1	3	4	-1	-1	3	0	3	2	1	1	2	1	1
TOP1	-1	-1	-1	-1	-1	1	3	-1	3	3	4	3	-1	-1	-1	-1	-1	3	-1	-1	-1	-1	-1	3	4	-1	3	-1	-1	-1	4	-1	3	-1	4	4	-1	1	-1	2	4	4
HARS	1	-1	0	-1	-1	1	-1	-1	-1	-1	-1	-1	-1	-1	-1	3	-1	3	0	0	-1	-1	-1	-1	-1	1	-1	-1	-1	-1	-1	-1	-1	1	-1	3	-1	2	-1	-1	-1	-1
USP14	-1	-1	-1	-1	-1	-1	-1	-1	-1	3	-1	-1	-1	-1	-1	4	-1	3	-1	-1	-1	-1	-1	3	-1	-1	4	-1	-1	-1	-1	-1	-1	-1	4	5	4	-1	1	-1	-1	-1
TBCC	-1	-1	-1	-1	-1	-1	3	-1	-1	-1	-1	-1	-1	3	3	4	3	3	-1	-1	-1	-1	-1	1	-1	1	3	-1	-1	-1	4	3	-1	4	-1	-1	-1	-1	-1	-1	-1	1
SETDB1	-1	-1	0	4	4	-1	4	3	4	4	4	-1	-1	-1	-1	-1	-1	0	0	-1	-1	-1	-1	3	4	3	-1	-1	-1	-1	-1	-1	-1	3	0	-1	-1	4	-1	-1	0	4
PIK4CA	-1	-1	0	-1	-1	-1	4	-1	-1	4	4	-1	-1	-1	-1	-1	-1	0	0	-1	-1	-1	-1	3	3	3	3	-1	-1	-1	-1	-1	-1	4	-1	-1	4	-1	-1	4	-1	4
HELZ	-1	-1	0	0	-1	-1	3	4	4	4	4	3	-1	-1	-1	-1	-1	4	-1	-1	-1	1	1	3	3	3	3	3	-1	-1	-1	-1	-1	-1	-1	3	4	-1	4	-1	-1	4
RALBP1	1	-1	-1	-1	1	-1	4	3	4	-1	4	-1	-1	4	-1	-1	-1	4	4	-1	-1	-1	-1	4	4	3	-1	-1	-1	-1	-1	-1	-1	-1	-1	-1	2	2	-1	2	4	-1
PUM1	-1	-1	3	-1	1	-1	4	3	4	4	4	-1	1	-1	-1	-1	-1	3	3	-1	-1	-1	-1	-1	4	4	4	-1	-1	-1	-1	-1	-1	3	0	3	-1	-1	-1	-1	-1	-1
PRPSAP1	1	-1	-1	0	1	4	4	4	3	4	4	-1	-1	4	3	0	0	3	3	4	1	0	0	3	3	4	3	-1	-1	-1	-1	-1	-1	0	-1	-1	0	0	-1	-1	3	4
PIK3C3	-1	-1	-1	-1	1	-1	4	-1	-1	-1	-1	-1	-1	-1	-1	-1	-1	0	-1	-1	-1	-1	-1	3	3	4	3	4	-1	-1	-1	-1	-1	4	-1	3	-1	4	-1	-1	3	-1
TNNT1	-1	-1	-1	-1	-1	-1	4	3	3	-1	4	-1	-1	-1	-1	-1	-1	3	-1	-1	-1	-1	-1	-1	-1	-1	-1	-1	-1	-1	-1	-1	-1	-1	-1	-1	-1	-1	-1	-1	-1	-1
ENO2	-1	-1	-1	-1	-1	3	4	3	3	-1	4	-1	-1	3	4	0	-1	3	-1	-1	-1	-1	-1	-1	3	4	-1	-1	-1	-1	-1	-1	-1	3	0	2	2	-1	0	2	3	1
C5ORF13	-1	3	3	-1	-1	-1	3	4	3	3	4	3	-1	-1	1	3	-1	3	4	-1	-1	-1	-1	3	3	4	3	3	-1	-1	-1	-1	-1	1	-1	3	3	-1	1	-1	-1	-1
SGNE1	1	-1	3	-1	1	-1	3	3	3	1	4	-1	1	-1	-1	3	-1	3	4	-1	-1	0	-1	-1	3	3	-1	-1	-1	-1	-1	-1	-1	-1	-1	-1	-1	-1	-1	-1	-1	-1
SLC35A2	3	-1	4	-1	4	4	3	-1	-1	-1	-1	-1	-1	-1	-1	-1	-1	3	4	0	-1	-1	-1	3	3	4	3	4	-1	-1	-1	-1	-1	0	-1	1	-1	-1	-1	-1	0	-1
SDF2	-1	-1	-1	-1	4	-1	3	3	3	-1	4	-1	-1	-1	1	-1	-1	3	-1	-1	-1	-1	0	3	3	3	3	4	-1	-1	-1	-1	-1	1	-1	3	-1	-1	0	0	1	4
SAFB2	0	3	0	3	0	4	4	3	3	-1	4	-1	-1	3	4	4	3	3	0	3	3	4	-1	3	3	3	3	3	-1	-1	-1	-1	-1	0	-1	3	-1	-1	-1	-1	3	1
PPP2R5A	-1	-1	4	-1	-1	-1	4	-1	-1	4	4	-1	-1	-1	-1	4	4	4	-1	-1	3	-1	4	-1	3	4	-1	-1	-1	4	-1	-1	-1	4	0	-1	-1	-1	-1	4	1	4
RGL2	-1	-1	0	-1	-1	4	3	3	-1	-1	-1	-1	-1	3	-1	-1	-1	0	0	0	-1	-1	-1	-1	-1	4	-1	-1	-1	-1	-1	-1	-1	3	0	3	4	-1	5	4	4	4
KIAA0140	1	1	4	-1	1	3	3	4	3	4	4	4	1	3	-1	4	3	4	-1	-1	3	-1	-1	4	3	3	3	4	-1	-1	-1	-1	-1	3	1	3	-1	4	0	-1	1	0
FALZ	-1	-1	-1	-1	-1	4	3	-1	-1	3	3	4	-1	3	-1	4	4	4	-1	-1	-1	-1	-1	-1	4	-1	4	3	0	-1	-1	-1	-1	3	1	4	-1	-1	-1	2	3	-1
FYB	-1	-1	0	-1	1	-1	3	4	4	3	3	-1	-1	4	-1	4	-1	3	3	-1	-1	-1	-1	3	3	-1	3	4	4	-1	-1	-1	4	4	-1	3	4	4	4	-1	-1	4
HNMT	1	-1	4	-1	1	4	3	3	4	3	4	4	-1	4	4	4	-1	3	-1	-1	-1	-1	-1	-1	3	3	4	-1	-1	-1	-1	-1	-1	-1	3	3	5	4	-1	-1	0	4
ADCY7	1	-1	0	-1	-1	-1	4	3	3	4	4	-1	4	3	-1	-1	-1	4	-1	-1	-1	-1	-1	3	-1	3	4	-1	3	3	0	-1	1	3	5	-1	4	4	1	2	-1	4
SCA1	1	-1	0	-1	1	4	4	3	3	-1	4	-1	1	4	4	-1	-1	3	0	-1	-1	-1	-1	-1	3	-1	4	3	-1	-1	-1	-1	-1	4	5	3	4	4	-1	4	-1	4
HADHSC	-1	0	-1	-1	-1	-1	3	-1	-1	4	4	-1	-1	-1	-1	1	3	4	3	-1	-1	-1	-1	3	4	3	4	3	-1	-1	-1	-1	-1	4	-1	4	-1	-1	-1	-1	-1	-1
SLC23A2	-1	-1	0	-1	-1	4	3	4	3	3	3	-1	-1	-1	4	-1	-1	4	0	-1	-1	-1	0	3	3	4	4	-1	-1	-1	-1	-1	-1	0	-1	5	-1	-1	-1	-1	-1	-1
ALDH3A2	-1	-1	4	0	4	-1	3	4	3	3	3	-1	4	4	4	4	-1	3	4	-1	0	1	1	4	3	3	3	-1	-1	-1	-1	-1	-1	4	-1	4	4	3	3	-1	-1	-1
HK3	-1	-1	-1	-1	-1	-1	4	4	4	4	4	-1	4	-1	-1	4	-1	4	-1	-1	-1	-1	-1	3	3	-1	3	4	-1	-1	-1	-1	-1	4	5	3	4	5	-1	-1	1	-1
PYGL	4	-1	-1	-1	-1	4	3	4	3	4	4	-1	-1	4	4	-1	4	4	4	-1	-1	-1	-1	3	3	3	3	-1	-1	-1	-1	-1	-1	4	3	3	-1	-1	-1	0	-1	-1
MXI1	-1	-1	4	-1	-1	4	4	4	3	4	4	-1	-1	4	4	1	-1	4	4	-1	-1	-1	-1	3	4	3	3	4	-1	-1	-1	-1	-1	4	4	3	-1	-1	-1	-1	-1	-1
EGR2	-1	-1	-1	-1	1	4	3	-1	-1	-1	4	-1	-1	4	4	4	3	4	-1	-1	-1	-1	-1	4	4	3	3	-1	-1	-1	-1	-1	-1	3	-1	3	3	4	1	-1	0	3
EVI2B	1	-1	0	-1	1	4	4	4	4	3	4	-1	-1	4	4	-1	4	-1	4	-1	-1	-1	-1	3	3	3	3	3	-1	4	3	-1	-1	4	-1	3	5	-1	-1	-1	-1	4
LTA4H	-1	-1	-1	-1	-1	4	4	4	4	4	4	4	4	4	4	-1	-1	4	4	-1	-1	-1	-1	3	3	3	3	4	-1	-1	-1	-1	-1	4	0	4	4	4	-1	4	-1	4
LILRA2	-1	-1	-1	0	-1	-1	4	3	4	4	4	-1	-1	-1	-1	4	-1	4	4	-1	0	1	0	3	4	3	3	-1	-1	-1	-1	-1	-1	4	1	4	4	-1	-1	-1	-1	-1
GALC	-1	-1	-1	-1	-1	4	4	4	4	4	4	4	4	4	4	-1	-1	4	4	-1	-1	-1	-1	3	3	3	3	3	-1	-1	-1	-1	-1	3	-1	4	2	2	-1	-1	-1	-1
ECH1	4	-1	3	-1	4	4	4	4	3	4	4	-1	4	-1	4	4	-1	4	3	3	-1	-1	-1	3	3	3	3	3	-1	-1	-1	-1	-1	4	-1	3	-1	-1	0	-1	1	4
LY64	4	-1	-1	-1	4	3	3	3	3	3	4	3	4	4	3	0	-1	4	3	4	4	-1	3	3	3	3	4	3	-1	4	4	-1	4	-1	5	3	4	4	4	-1	4	4
